com.google.javascript.rhino.jstype.ObjectType:547 0.01233159059167475
com.google.javascript.rhino.jstype.FunctionType:387 0.01233159059167475
com.google.javascript.rhino.jstype.ObjectType:139 0.020942695414584774
com.google.javascript.rhino.JSDocInfo:427 0.017817416127494958
com.google.javascript.rhino.JSDocInfoBuilder:435 0.020315302475012738
com.google.javascript.jscomp.TypeInference:246 0.019837990021453852
com.google.javascript.jscomp.TypeCheck:1001 0.06851887098275317
com.google.javascript.jscomp.TypeCheck:998 0.06851887098275317
com.google.javascript.jscomp.FunctionTypeBuilder:300 0.023498534324630827
com.google.javascript.jscomp.TypeInference:256 0.019980029950087342
com.google.javascript.jscomp.TypeInference:257 0.019980029950087342
com.google.javascript.jscomp.NodeUtil:3043 0.05923488777590923
com.google.javascript.jscomp.TypeCheck:305 0.020672455764868078
com.google.javascript.jscomp.TypeCheck:304 0.020672455764868078
com.google.javascript.jscomp.TypeCheck:307 0.020672455764868078
com.google.javascript.jscomp.TypeCheck:306 0.020672455764868078
com.google.javascript.jscomp.TypeCheck:309 0.020672455764868078
com.google.javascript.jscomp.TypeCheck:308 0.020672455764868078
com.google.javascript.jscomp.TypeCheck:311 0.020672455764868078
com.google.javascript.jscomp.TypeCheck:310 0.020672455764868078
com.google.javascript.jscomp.TypeCheck:313 0.020672455764868078
com.google.javascript.jscomp.TypeCheck:312 0.020672455764868078
com.google.javascript.jscomp.TypeCheck:314 0.020672455764868078
com.google.javascript.jscomp.TypeCheck:286 0.020672455764868078
com.google.javascript.jscomp.TypeCheck:284 0.020672455764868078
com.google.javascript.jscomp.TypeCheck:289 0.020672455764868078
com.google.javascript.jscomp.TypeCheck:290 0.020672455764868078
com.google.javascript.jscomp.TypeCheck:291 0.020672455764868078
com.google.javascript.jscomp.TypeCheck:296 0.020672455764868078
com.google.javascript.jscomp.parsing.JsDocInfoParser:1997 0.0842151921066519
com.google.javascript.jscomp.Compiler:364 0.013435230372511476
com.google.javascript.rhino.jstype.ObjectType:138 0.02360960823249428
com.google.javascript.rhino.jstype.FunctionType:385 0.01233159059167475
com.google.javascript.jscomp.parsing.IRFactory:356 0.017579063848365748
com.google.javascript.jscomp.parsing.IRFactory:343 0.017579063848365748
com.google.javascript.jscomp.parsing.IRFactory:340 0.017579063848365748
com.google.javascript.jscomp.parsing.IRFactory:339 0.017579063848365748
com.google.javascript.jscomp.parsing.IRFactory:338 0.017579063848365748
com.google.javascript.jscomp.parsing.IRFactory:353 0.017579063848365748
com.google.javascript.jscomp.parsing.IRFactory:354 0.017579063848365748
com.google.javascript.jscomp.parsing.IRFactory:355 0.017579063848365748
com.google.javascript.jscomp.parsing.IRFactory:344 0.017579063848365748
com.google.javascript.rhino.ScriptRuntime:394 0.012393943320395888
com.google.javascript.rhino.ScriptRuntime:386 0.012393943320395888
com.google.javascript.rhino.ScriptRuntime:380 0.012393943320395888
com.google.javascript.rhino.ScriptRuntime:383 0.012393943320395888
com.google.javascript.rhino.ScriptRuntime:390 0.012393943320395888
com.google.javascript.jscomp.SourceFile:367 0.0
com.google.javascript.jscomp.SourceFile:368 0.0
com.google.javascript.jscomp.SourceFile:370 0.0
com.google.javascript.jscomp.LinkedFlowScope:130 0.03724194613619294
com.google.javascript.jscomp.FunctionTypeBuilder:298 0.023511520528619944
com.google.javascript.jscomp.TypedScopeCreator:648 0.0
com.google.javascript.jscomp.TypedScopeCreator:650 0.0
com.google.javascript.jscomp.Scope:402 0.01516893669935528
com.google.javascript.jscomp.Scope:403 0.01516893669935528
com.google.javascript.jscomp.Scope:404 0.01516893669935528
com.google.javascript.jscomp.TypeInference:252 0.020824296970586242
com.google.javascript.jscomp.TypeInference:253 0.020824296970586242
com.google.javascript.jscomp.parsing.JsDocInfoParser:1996 0.0842151921066519
com.google.javascript.rhino.jstype.FunctionType:391 0.01233159059167475
com.google.javascript.rhino.jstype.FunctionType:389 0.01233159059167475
com.google.javascript.rhino.jstype.ObjectType:142 0.021030505843376807
com.google.javascript.rhino.JSDocInfo:423 0.017817416127494958
com.google.javascript.rhino.jstype.UnionType:318 0.046274481338274755
com.google.javascript.jscomp.PassFactory:42 0.01251957714590336
com.google.javascript.jscomp.PassFactory:43 0.01251957714590336
com.google.javascript.jscomp.PassFactory:35 0.01251957714590336
com.google.javascript.jscomp.PassFactory:44 0.01251957714590336
com.google.javascript.jscomp.PassFactory:45 0.01251957714590336
com.google.javascript.rhino.jstype.InstanceObjectType:176 0.01233159059167475
com.google.javascript.jscomp.parsing.JsDocInfoParser:2002 0.0842151921066519
com.google.javascript.jscomp.parsing.JsDocInfoParser:2001 0.0842151921066519
com.google.javascript.jscomp.TypedScopeCreator:1104 0.0
com.google.javascript.rhino.jstype.PrototypeObjectType:392 0.12309149097933272
com.google.javascript.rhino.jstype.PrototypeObjectType:391 0.12309149097933272
com.google.javascript.rhino.jstype.PrototypeObjectType:389 0.12309149097933272
com.google.javascript.rhino.JSDocInfoBuilder:436 0.0203362958695521
com.google.javascript.rhino.JSDocInfoBuilder:437 0.0203362958695521
com.google.javascript.rhino.JSDocInfoBuilder:438 0.0203362958695521
com.google.javascript.jscomp.TypedScopeCreator:1095 0.0
com.google.javascript.rhino.jstype.ObjectType:140 0.02276257268029927
com.google.javascript.rhino.ScriptRuntime:402 0.012393943320395888
com.google.javascript.rhino.ScriptRuntime:403 0.012393943320395888
com.google.javascript.rhino.Node:357 0.0
com.google.javascript.jscomp.TypeCheck:1002 0.07001400420140048
com.google.javascript.jscomp.TypeInference:260 0.02084690996125416
com.google.javascript.jscomp.TypeInference:261 0.02084690996125416
com.google.javascript.jscomp.Compiler:343 0.013424330557912196
com.google.javascript.jscomp.Compiler:348 0.013424330557912196
com.google.javascript.jscomp.Compiler:352 0.013424330557912196
com.google.javascript.jscomp.Compiler:353 0.013424330557912196
com.google.javascript.jscomp.Compiler:346 0.013424330557912196
com.google.javascript.jscomp.Compiler:345 0.013424330557912196
com.google.javascript.rhino.jstype.PrototypeObjectType:387 0.14285714285714285
com.google.javascript.jscomp.TypedScopeCreator:1103 0.0
com.google.javascript.jscomp.TypedScopeCreator:645 0.0
com.google.javascript.jscomp.TypeCheck:979 0.06851887098275317
com.google.javascript.jscomp.TypeCheck:982 0.06851887098275317
com.google.javascript.jscomp.TypeCheck:980 0.06851887098275317
com.google.javascript.jscomp.parsing.IRFactory:176 0.017554669175502143
com.google.javascript.rhino.jstype.FunctionType:383 0.01233159059167475
com.google.javascript.jscomp.CodingConventions:193 0.0
com.google.javascript.jscomp.CodingConventions:191 0.0
com.google.javascript.rhino.jstype.UnionType:315 0.046274481338274755
com.google.javascript.rhino.jstype.JSTypeNative:47 0.01233159059167475
com.google.javascript.jscomp.parsing.JsDocInfoParser:1993 0.0842151921066519
com.google.javascript.jscomp.Scope:397 0.01516893669935528
com.google.javascript.jscomp.NodeUtil:3041 0.05177803730784977
com.google.javascript.jscomp.parsing.IRFactory:81 0.012505863498094339
com.google.javascript.jscomp.TypedScopeCreator:642 0.0
com.google.javascript.jscomp.ControlFlowAnalysis:713 0.01858235365617916
com.google.javascript.jscomp.parsing.IRFactory:171 0.012505863498094339
com.google.javascript.jscomp.parsing.IRFactory:175 0.012505863498094339
com.google.javascript.jscomp.parsing.IRFactory:173 0.012505863498094339
com.google.javascript.jscomp.parsing.JsDocTokenStream:337 0.016572562308756485
com.google.javascript.jscomp.Scope:289 0.0
com.google.javascript.rhino.jstype.ObjectType:282 0.012983728600114436
com.google.javascript.rhino.jstype.ObjectType:273 0.012983728600114436
com.google.javascript.rhino.jstype.ObjectType:280 0.012983728600114436
com.google.javascript.jscomp.NodeUtil:3040 0.02127178149057585
com.google.javascript.jscomp.ControlFlowAnalysis:717 0.018518518518518517
com.google.javascript.jscomp.Scope:395 0.01516893669935528
com.google.javascript.jscomp.Scope:394 0.01516893669935528
com.google.javascript.jscomp.Scope:392 0.01516893669935528
com.google.javascript.jscomp.Scope:396 0.01516893669935528
com.google.javascript.rhino.jstype.InstanceObjectType:175 0.01233159059167475
com.google.javascript.jscomp.TypedScopeCreator:641 0.0
com.google.javascript.jscomp.ControlFlowAnalysis:711 0.01850266226206321
com.google.javascript.rhino.IR:114 0.016437677572823703
com.google.javascript.rhino.IR:113 0.016437677572823703
com.google.javascript.jscomp.parsing.IRFactory:177 0.017554669175502143
com.google.javascript.rhino.JSDocInfo:1042 0.017568209223157664
com.google.javascript.jscomp.DiagnosticGroupWarningsGuard:34 0.012534320519584096
com.google.javascript.jscomp.DiagnosticGroupWarningsGuard:35 0.012534320519584096
com.google.javascript.jscomp.DiagnosticGroupWarningsGuard:33 0.012534320519584096
com.google.javascript.jscomp.DiagnosticGroupWarningsGuard:36 0.012534320519584096
com.google.javascript.jscomp.Scope:290 0.0
com.google.javascript.jscomp.ChainableReverseAbstractInterpreter:258 0.0
com.google.javascript.rhino.jstype.JSTypeRegistry:1377 0.0206372085853249
com.google.javascript.jscomp.TypeInference:250 0.019837990021453852
com.google.javascript.rhino.Node:874 0.011871997599007448
com.google.javascript.jscomp.NodeUtil:3039 0.02074349534112556
com.google.javascript.jscomp.LinkedFlowScope:75 0.019622937706955574
com.google.javascript.jscomp.TypeCheck:993 0.06851887098275317
com.google.javascript.jscomp.TypeCheck:986 0.06851887098275317
com.google.javascript.jscomp.TypeCheck:992 0.06851887098275317
com.google.javascript.jscomp.TypeCheck:990 0.06851887098275317
com.google.javascript.jscomp.NodeUtil:3037 0.020442247904112004
com.google.javascript.jscomp.TypedScopeCreator:1094 0.0
com.google.javascript.jscomp.Compiler:367 0.013424330557912196
com.google.javascript.jscomp.Compiler:368 0.013424330557912196
com.google.javascript.jscomp.Compiler:371 0.013424330557912196
com.google.javascript.jscomp.Compiler:370 0.013424330557912196
com.google.javascript.jscomp.Scope:292 0.0
com.google.javascript.rhino.jstype.UnionTypeBuilder:258 0.01233159059167475
com.google.javascript.jscomp.Scope:398 0.0201374031110059
com.google.javascript.jscomp.graph.LinkedDirectedGraph:200 0.017758320057144228
com.google.javascript.rhino.Node:2183 0.1125087900926024
com.google.javascript.jscomp.parsing.JsDocInfoParser:1992 0.0842151921066519
com.google.javascript.jscomp.parsing.JsDocInfoParser:1991 0.0842151921066519
com.google.javascript.jscomp.FunctionTypeBuilder:512 0.02182178902359924
com.google.javascript.rhino.jstype.PrototypeObjectType:373 0.12309149097933272
com.google.javascript.rhino.jstype.JSType:697 0.03241018617760822
com.google.javascript.jscomp.TypeInference:616 0.020157849256095022
com.google.javascript.jscomp.TypeInference:615 0.020157849256095022
com.google.javascript.jscomp.TypeCheck:432 0.020865053489458874
com.google.javascript.jscomp.TypeCheck:431 0.020865053489458874
com.google.javascript.jscomp.TypeCheck:430 0.020865053489458874
com.google.javascript.jscomp.TypeCheck:1711 0.10206207261596577
com.google.javascript.jscomp.TypeCheck:1710 0.10206207261596577
com.google.javascript.jscomp.TypeCheck:1709 0.10206207261596577
com.google.javascript.jscomp.TypeCheck:1708 0.10206207261596577
com.google.javascript.jscomp.TypeCheck:1707 0.10206207261596577
com.google.javascript.jscomp.parsing.JsDocInfoParser:1990 0.05688801239885743
com.google.javascript.jscomp.FunctionTypeBuilder:513 0.023325300446383042
com.google.javascript.rhino.Node:2207 0.014958733419877617
com.google.javascript.rhino.jstype.PrototypeObjectType:372 0.12309149097933272
com.google.javascript.rhino.jstype.PrototypeObjectType:369 0.12309149097933272
com.google.javascript.rhino.jstype.PrototypeObjectType:370 0.12309149097933272
com.google.javascript.jscomp.Scope:219 0.0
com.google.javascript.rhino.jstype.FunctionType:379 0.01233159059167475
com.google.javascript.jscomp.ControlFlowAnalysis:710 0.01850266226206321
com.google.javascript.jscomp.JsAst:43 0.012612837825590072
com.google.javascript.jscomp.JsAst:46 0.012612837825590072
com.google.javascript.jscomp.JsAst:47 0.012612837825590072
com.google.javascript.jscomp.JsAst:44 0.012612837825590072
com.google.javascript.jscomp.JsAst:45 0.012612837825590072
com.google.javascript.jscomp.TypedScopeCreator:1134 0.0
com.google.javascript.jscomp.TypedScopeCreator:1131 0.0
com.google.javascript.jscomp.TypeValidator:347 0.021703261485649127
com.google.javascript.jscomp.TypedScopeCreator:1974 0.0
com.google.javascript.rhino.JSTypeExpression:64 0.01887128390240993
com.google.javascript.rhino.JSTypeExpression:65 0.01887128390240993
com.google.javascript.rhino.JSTypeExpression:66 0.01887128390240993
com.google.javascript.rhino.JSTypeExpression:67 0.01887128390240993
com.google.javascript.rhino.jstype.PrototypeObjectType:365 0.12309149097933272
com.google.javascript.rhino.jstype.PrototypeObjectType:366 0.12309149097933272
com.google.javascript.jscomp.BasicErrorManager:42 0.01251173525528371
com.google.javascript.jscomp.BasicErrorManager:40 0.01251173525528371
com.google.javascript.jscomp.BasicErrorManager:41 0.01251173525528371
com.google.javascript.jscomp.BasicErrorManager:182 0.01251173525528371
com.google.javascript.jscomp.BasicErrorManager:38 0.01251173525528371
com.google.javascript.jscomp.BasicErrorManager:37 0.01251173525528371
com.google.javascript.jscomp.TypeCheck:969 0.06362847629757777
com.google.javascript.rhino.jstype.UnionType:330 0.0642824346533225
com.google.javascript.rhino.jstype.SimpleSlot:71 0.02839809171235324
com.google.javascript.jscomp.TypedScopeCreator:1128 0.0
com.google.javascript.jscomp.FunctionTypeBuilder:644 0.020133321342825528
com.google.javascript.jscomp.NodeUtil:3050 0.06835859270246633
com.google.javascript.rhino.jstype.PrototypeObjectType:363 0.12309149097933272
com.google.javascript.rhino.IR:118 0.016437677572823703
com.google.javascript.rhino.jstype.NumberType:97 0.01233159059167475
com.google.javascript.jscomp.TypedScopeCreator:1127 0.0
com.google.javascript.jscomp.NodeUtil:2834 0.01975651949233999
com.google.javascript.jscomp.TypeCheck:447 0.020672455764868078
com.google.javascript.jscomp.parsing.JsDocInfoParser:1984 0.05688801239885743
com.google.javascript.jscomp.parsing.JsDocInfoParser:1983 0.05688801239885743
com.google.javascript.jscomp.graph.LinkedDirectedGraph:247 0.018553546269482774
com.google.javascript.jscomp.graph.LinkedDirectedGraph:248 0.018553546269482774
com.google.javascript.jscomp.graph.LinkedDirectedGraph:249 0.018553546269482774
com.google.javascript.rhino.Node:2327 0.014648968382726191
com.google.javascript.jscomp.TypedScopeCreator:1987 0.0
com.google.javascript.jscomp.TypedScopeCreator:1126 0.0
com.google.javascript.jscomp.TypedScopeCreator:1124 0.0
com.google.javascript.jscomp.TypedScopeCreator:1123 0.0
com.google.javascript.rhino.jstype.PrototypeObjectType:383 0.14285714285714285
com.google.javascript.jscomp.graph.LinkedDirectedGraph:250 0.018553546269482774
com.google.javascript.jscomp.TypeInference:601 0.019980029950087342
com.google.javascript.jscomp.TypeInference:600 0.019980029950087342
com.google.javascript.jscomp.TypeInference:602 0.019980029950087342
com.google.javascript.jscomp.TypeInference:599 0.019980029950087342
com.google.javascript.jscomp.NodeTraversal:627 0.015388258006990242
com.google.javascript.rhino.jstype.PrototypeObjectType:380 0.14285714285714285
com.google.javascript.rhino.jstype.PrototypeObjectType:382 0.14285714285714285
com.google.javascript.rhino.jstype.PrototypeObjectType:379 0.14285714285714285
com.google.javascript.rhino.jstype.PrototypeObjectType:378 0.14285714285714285
com.google.javascript.jscomp.TypedScopeCreator:1117 0.0
com.google.javascript.jscomp.TypedScopeCreator:1118 0.0
com.google.javascript.jscomp.TypedScopeCreator:1122 0.0
com.google.javascript.jscomp.TypedScopeCreator:1121 0.0
com.google.javascript.jscomp.FunctionTypeBuilder:647 0.020133321342825528
com.google.javascript.jscomp.TypeInference:603 0.026099787548594027
com.google.javascript.jscomp.TypeInference:604 0.026099787548594027
com.google.javascript.jscomp.TypeInference:606 0.026099787548594027
com.google.javascript.jscomp.parsing.JsDocInfoParser:1988 0.05688801239885743
com.google.javascript.rhino.jstype.JSType:696 0.03241018617760822
com.google.javascript.rhino.jstype.JSTypeRegistry:519 0.0
com.google.javascript.rhino.jstype.PrototypeObjectType:375 0.20851441405707477
com.google.javascript.rhino.jstype.ObjectType:137 0.02092893090740305
com.google.javascript.rhino.jstype.FunctionType:375 0.01233159059167475
com.google.javascript.jscomp.TypeInference:608 0.02009669677645352
com.google.javascript.jscomp.TypeInference:609 0.02009669677645352
com.google.javascript.jscomp.TypeInference:244 0.019837990021453852
com.google.javascript.jscomp.TypeInference:245 0.019837990021453852
com.google.javascript.jscomp.parsing.JsDocTokenStream:226 0.016645872314630744
com.google.javascript.rhino.jstype.PrototypeObjectType:374 0.14285714285714285
com.google.javascript.rhino.JSDocInfoBuilder:85 0.016634353475582883
com.google.javascript.jscomp.TypeCheck:1501 0.021393127492027906
com.google.javascript.jscomp.Compiler:387 0.013424330557912196
com.google.javascript.jscomp.TypeInference:627 0.020157849256095022
com.google.javascript.jscomp.TypeInference:622 0.020157849256095022
com.google.javascript.jscomp.FunctionTypeBuilder:271 0.023655804575095973
com.google.javascript.jscomp.TypedScopeCreator:235 0.019837990021453852
com.google.javascript.jscomp.parsing.IRFactory:658 0.0
com.google.javascript.jscomp.parsing.IRFactory:651 0.0
com.google.javascript.jscomp.parsing.IRFactory:659 0.0
com.google.javascript.jscomp.parsing.IRFactory:650 0.0
com.google.javascript.rhino.jstype.PrototypeObjectType:354 0.0778498944161523
com.google.javascript.rhino.jstype.UnionType:271 0.06482037235521644
com.google.javascript.jscomp.TypedScopeCreator:850 0.0
com.google.javascript.jscomp.TypedScopeCreator:853 0.0
com.google.javascript.jscomp.TypeCheck:411 0.020716769761626043
com.google.javascript.jscomp.NodeUtil:3069 0.019706585563285865
com.google.javascript.jscomp.Scope:212 0.0
com.google.javascript.jscomp.NodeTraversal:311 0.015281875898162435
com.google.javascript.jscomp.Compiler:1903 0.012620871481070599
com.google.javascript.jscomp.NodeUtil:2837 0.01975651949233999
com.google.javascript.jscomp.NodeUtil:2836 0.01975651949233999
com.google.javascript.rhino.jstype.FunctionType:1051 0.01233159059167475
com.google.javascript.rhino.jstype.ObjectType:642 0.0
com.google.javascript.rhino.jstype.UnionType:272 0.06900655593423542
com.google.javascript.jscomp.parsing.IRFactory:380 0.0
com.google.javascript.jscomp.TypedScopeCreator:239 0.019837990021453852
com.google.javascript.jscomp.Compiler:386 0.013424330557912196
com.google.javascript.jscomp.LinkedFlowScope:108 0.027369027575198667
com.google.javascript.jscomp.LinkedFlowScope:106 0.027369027575198667
com.google.javascript.jscomp.LinkedFlowScope:107 0.027369027575198667
com.google.javascript.jscomp.LinkedFlowScope:104 0.027369027575198667
com.google.javascript.jscomp.LinkedFlowScope:105 0.027369027575198667
com.google.javascript.jscomp.parsing.IRFactory:660 0.0
com.google.javascript.jscomp.NodeUtil:3070 0.020450795781510083
com.google.javascript.jscomp.TypeCheck:408 0.20412414523193154
com.google.javascript.jscomp.NodeUtil:2839 0.01975651949233999
com.google.javascript.rhino.Node:1407 0.012660256572827508
com.google.javascript.rhino.Node:1406 0.012660256572827508
com.google.javascript.rhino.jstype.FunctionType:416 0.01233159059167475
com.google.javascript.jscomp.graph.LinkedDirectedGraph:81 0.017466083231604194
com.google.javascript.rhino.jstype.PrototypeObjectType:425 0.01233159059167475
com.google.javascript.rhino.jstype.PrototypeObjectType:424 0.01233159059167475
com.google.javascript.rhino.jstype.PrototypeObjectType:423 0.01233159059167475
com.google.javascript.jscomp.Compiler:390 0.013424330557912196
com.google.javascript.jscomp.TypeInference:629 0.02017425108896008
com.google.javascript.jscomp.TypeInference:628 0.02017425108896008
com.google.javascript.jscomp.TypedScopeCreator:670 0.0
com.google.javascript.jscomp.parsing.JsDocInfoParser:196 0.016634353475582883
com.google.javascript.jscomp.parsing.JsDocInfoParser:193 0.016634353475582883
com.google.javascript.jscomp.parsing.JsDocInfoParser:191 0.016634353475582883
com.google.javascript.jscomp.parsing.JsDocInfoParser:188 0.016634353475582883
com.google.javascript.jscomp.parsing.JsDocInfoParser:189 0.016634353475582883
com.google.javascript.jscomp.parsing.IRFactory:402 0.0
com.google.javascript.rhino.jstype.FunctionType:1136 0.019331116825676477
com.google.javascript.jscomp.parsing.IRFactory:662 0.0
com.google.javascript.jscomp.TypedScopeCreator:374 0.0
com.google.javascript.jscomp.NodeTraversal:307 0.015281875898162435
com.google.javascript.jscomp.NodeTraversal:310 0.015281875898162435
com.google.javascript.jscomp.NodeUtil:2835 0.01975651949233999
com.google.javascript.jscomp.TypedScopeCreator:1964 0.0
com.google.javascript.jscomp.graph.LinkedDirectedGraph:85 0.017466083231604194
com.google.javascript.jscomp.graph.LinkedDirectedGraph:87 0.017466083231604194
com.google.javascript.jscomp.graph.LinkedDirectedGraph:86 0.017466083231604194
com.google.javascript.jscomp.NodeUtil:3072 0.020008004803202244
com.google.javascript.rhino.jstype.FunctionType:256 0.030330895164368973
com.google.javascript.rhino.jstype.FunctionType:257 0.030330895164368973
com.google.javascript.jscomp.Compiler:1904 0.012620871481070599
com.google.javascript.rhino.jstype.FunctionType:1055 0.01233159059167475
com.google.javascript.rhino.jstype.FunctionType:1054 0.01233159059167475
com.google.javascript.jscomp.Compiler:389 0.01345467355254312
com.google.javascript.jscomp.Compiler:388 0.01345467355254312
com.google.javascript.rhino.jstype.UnionType:273 0.06900655593423542
com.google.javascript.jscomp.TypeInference:372 0.020374248554268205
com.google.javascript.jscomp.TypeInference:371 0.020374248554268205
com.google.javascript.jscomp.TypedScopeCreator:677 0.0
com.google.javascript.jscomp.TypedScopeCreator:676 0.0
com.google.javascript.jscomp.parsing.IRFactory:668 0.0
com.google.javascript.jscomp.parsing.IRFactory:664 0.0
com.google.javascript.jscomp.parsing.IRFactory:667 0.0
com.google.javascript.jscomp.TypedScopeCreator:348 0.0
com.google.javascript.jscomp.TypedScopeCreator:347 0.0
com.google.javascript.jscomp.TypedScopeCreator:346 0.0
com.google.javascript.rhino.JSDocInfo:1247 0.021185679930351788
com.google.javascript.jscomp.NodeTraversal:305 0.015278308283803521
com.google.javascript.jscomp.NodeTraversal:304 0.015278308283803521
com.google.javascript.jscomp.NodeTraversal:303 0.015278308283803521
com.google.javascript.jscomp.TypedScopeCreator:1270 0.0
com.google.javascript.jscomp.NodeUtil:3073 0.0584206237836986
com.google.javascript.jscomp.NodeUtil:3074 0.0584206237836986
com.google.javascript.rhino.jstype.FunctionType:254 0.030330895164368973
com.google.javascript.rhino.jstype.FunctionType:255 0.030330895164368973
com.google.javascript.jscomp.DataFlowAnalysis:425 0.0
com.google.javascript.rhino.JSTypeExpression:102 0.02018246703354378
com.google.javascript.rhino.JSTypeExpression:100 0.02018246703354378
com.google.javascript.rhino.JSTypeExpression:101 0.02018246703354378
com.google.javascript.rhino.Node:1173 0.012505863498094339
com.google.javascript.rhino.Node:1174 0.012505863498094339
com.google.javascript.rhino.jstype.FunctionType:1052 0.01233159059167475
com.google.javascript.rhino.jstype.JSTypeRegistry:1087 0.01233159059167475
com.google.javascript.rhino.jstype.FunctionType:1140 0.019331116825676477
com.google.javascript.jscomp.WarningsGuard:106 0.01831858263618279
com.google.javascript.jscomp.TypeCheck:414 0.020672455764868078
com.google.javascript.jscomp.TypeCheck:1494 0.021393127492027906
com.google.javascript.jscomp.FunctionTypeBuilder:277 0.023655804575095973
com.google.javascript.jscomp.TypedScopeCreator:227 0.022000616025873207
com.google.javascript.jscomp.TypedScopeCreator:226 0.022000616025873207
com.google.javascript.jscomp.TypedScopeCreator:225 0.022000616025873207
com.google.javascript.jscomp.TypedScopeCreator:668 0.0
com.google.javascript.jscomp.TypedScopeCreator:665 0.0
com.google.javascript.jscomp.TypedScopeCreator:666 0.0
com.google.javascript.jscomp.TypedScopeCreator:667 0.0
com.google.javascript.jscomp.TypedScopeCreator:365 0.0
com.google.javascript.jscomp.ControlFlowAnalysis:668 0.02189489404922193
com.google.javascript.jscomp.ControlFlowAnalysis:669 0.02189489404922193
com.google.javascript.jscomp.ControlFlowAnalysis:670 0.02189489404922193
com.google.javascript.jscomp.DiagnosticGroups:31 0.012533336007111966
com.google.javascript.rhino.jstype.JSType:555 0.01233159059167475
com.google.javascript.rhino.jstype.PrototypeObjectType:408 0.01299029986764612
com.google.javascript.rhino.Node:1410 0.012660256572827508
com.google.javascript.rhino.jstype.FunctionType:258 0.031053504702226845
com.google.javascript.jscomp.parsing.JsDocInfoParser:213 0.016634353475582883
com.google.javascript.rhino.jstype.FunctionType:1141 0.019834087593950483
com.google.javascript.jscomp.ClosureCodingConvention:341 0.020060271357125986
com.google.javascript.jscomp.parsing.IRFactory:401 0.0
com.google.javascript.rhino.jstype.JSTypeRegistry:1030 0.01233159059167475
com.google.javascript.jscomp.TypedScopeCreator:722 0.0
com.google.javascript.jscomp.parsing.IRFactory:1051 0.0
com.google.javascript.jscomp.parsing.IRFactory:633 0.0
com.google.javascript.jscomp.parsing.IRFactory:632 0.0
com.google.javascript.jscomp.parsing.IRFactory:631 0.0
com.google.javascript.rhino.jstype.JSTypeRegistry:1671 0.02067687437254168
com.google.javascript.rhino.jstype.JSTypeRegistry:1673 0.02067687437254168
com.google.javascript.rhino.jstype.JSTypeRegistry:1672 0.02067687437254168
com.google.javascript.jscomp.TypedScopeCreator:369 0.0
com.google.javascript.jscomp.TypeInference:783 0.032791291789197645
com.google.javascript.jscomp.TypeInference:781 0.032791291789197645
com.google.javascript.jscomp.TypeInference:785 0.032791291789197645
com.google.javascript.jscomp.TypeInference:784 0.032791291789197645
com.google.javascript.jscomp.LoggerErrorManager:40 0.01262892050706804
com.google.javascript.jscomp.LoggerErrorManager:38 0.01262892050706804
com.google.javascript.jscomp.LoggerErrorManager:39 0.01262892050706804
com.google.javascript.jscomp.LoggerErrorManager:37 0.01262892050706804
com.google.javascript.rhino.JSDocInfo:555 0.022570430888309446
com.google.javascript.jscomp.parsing.JsDocInfoParser:215 0.016659726559488115
com.google.javascript.jscomp.TypeCheck:1492 0.020865053489458874
com.google.javascript.jscomp.TypeCheck:1490 0.020865053489458874
com.google.javascript.jscomp.TypeCheck:1491 0.020865053489458874
com.google.javascript.rhino.jstype.PrototypeObjectType:356 0.12126781251816648
com.google.javascript.jscomp.parsing.JsDocInfoParser:203 0.01705233720429863
com.google.javascript.jscomp.TypeCheck:427 0.020672455764868078
com.google.javascript.jscomp.TypeCheck:426 0.020672455764868078
com.google.javascript.jscomp.parsing.IRFactory:635 0.0
com.google.javascript.jscomp.parsing.IRFactory:637 0.0
com.google.javascript.jscomp.parsing.IRFactory:636 0.0
com.google.javascript.jscomp.TypedScopeCreator:663 0.0
com.google.javascript.jscomp.FunctionTypeBuilder:789 0.0
com.google.javascript.rhino.Node:1279 0.0
com.google.javascript.jscomp.TypedScopeCreator:232 0.022000616025873207
com.google.javascript.jscomp.TypeInference:786 0.032791291789197645
com.google.javascript.jscomp.CompilerInput:147 0.012659242088545833
com.google.javascript.jscomp.CompilerInput:148 0.012659242088545833
com.google.javascript.rhino.jstype.FunctionType:1142 0.019834087593950483
com.google.javascript.rhino.jstype.PrototypeObjectType:358 0.12309149097933272
com.google.javascript.rhino.jstype.PrototypeObjectType:361 0.12309149097933272
com.google.javascript.rhino.jstype.PrototypeObjectType:362 0.12309149097933272
com.google.javascript.jscomp.FunctionTypeBuilder:281 0.023655804575095973
com.google.javascript.jscomp.TypeCheck:1493 0.021393127492027906
com.google.javascript.jscomp.parsing.JsDocInfoParser:1781 0.019034674690672024
com.google.javascript.jscomp.parsing.IRFactory:644 0.0
com.google.javascript.jscomp.parsing.IRFactory:647 0.0
com.google.javascript.jscomp.parsing.IRFactory:646 0.0
com.google.javascript.jscomp.parsing.IRFactory:640 0.0
com.google.javascript.jscomp.TypedScopeCreator:364 0.0
com.google.javascript.jscomp.TypedScopeCreator:363 0.0
com.google.javascript.jscomp.TypedScopeCreator:234 0.019837990021453852
com.google.javascript.rhino.Node:1280 0.0
com.google.javascript.rhino.Node:1281 0.0
com.google.javascript.jscomp.TypeInference:790 0.032791291789197645
com.google.javascript.jscomp.TypeInference:789 0.03479445003196105
com.google.javascript.jscomp.TypeInference:788 0.03479445003196105
com.google.javascript.jscomp.TypeInference:787 0.03479445003196105
com.google.javascript.jscomp.JSError:225 0.02529417453713473
com.google.javascript.jscomp.graph.LinkedDirectedGraph:79 0.017466083231604194
com.google.javascript.jscomp.graph.LinkedDirectedGraph:80 0.017466083231604194
com.google.javascript.rhino.jstype.FunctionType:412 0.01233159059167475
com.google.javascript.rhino.jstype.FunctionType:1147 0.019331116825676477
com.google.javascript.rhino.Node:1408 0.012688761528825613
com.google.javascript.rhino.jstype.FunctionType:1047 0.02306941649993959
com.google.javascript.rhino.jstype.FunctionType:1046 0.02306941649993959
com.google.javascript.jscomp.TypedScopeCreator:1265 0.0
com.google.javascript.rhino.jstype.FunctionBuilder:91 0.01233159059167475
com.google.javascript.rhino.jstype.FunctionBuilder:90 0.01233159059167475
com.google.javascript.rhino.JSDocInfo:951 0.021521556564129584
com.google.javascript.jscomp.parsing.JsDocInfoParser:936 0.020756896976210092
com.google.javascript.rhino.jstype.FunctionType:400 0.01233159059167475
com.google.javascript.jscomp.TypedScopeCreator:222 0.019837990021453852
com.google.javascript.jscomp.TypedScopeCreator:216 0.019837990021453852
com.google.javascript.jscomp.TypedScopeCreator:217 0.019837990021453852
com.google.javascript.jscomp.ControlFlowAnalysis:251 0.018569533817705187
com.google.javascript.rhino.jstype.FunctionType:1120 0.019331116825676477
com.google.javascript.rhino.jstype.FunctionType:1121 0.019331116825676477
com.google.javascript.jscomp.NodeUtil:3034 0.01967604453669851
com.google.javascript.jscomp.NodeUtil:3035 0.01967604453669851
com.google.javascript.jscomp.NodeUtil:3033 0.01967604453669851
com.google.javascript.jscomp.NodeUtil:181 0.021647252975540952
com.google.javascript.rhino.jstype.JSTypeRegistry:1281 0.01233159059167475
com.google.javascript.jscomp.TypedScopeCreator:1948 0.0
com.google.javascript.jscomp.LinkedFlowScope:378 0.0
com.google.javascript.jscomp.ControlFlowAnalysis:250 0.018569533817705187
com.google.javascript.rhino.jstype.ArrowType:208 0.02137845624045064
com.google.javascript.rhino.jstype.ArrowType:209 0.02137845624045064
com.google.javascript.rhino.jstype.FunctionType:1042 0.02306941649993959
com.google.javascript.rhino.Node:201 0.0
com.google.javascript.rhino.Node:202 0.0
com.google.javascript.jscomp.TypedScopeCreator:1264 0.0
com.google.javascript.rhino.jstype.FunctionType:403 0.01233159059167475
com.google.javascript.jscomp.TypeCheck:1025 0.06900655593423542
com.google.javascript.jscomp.parsing.JsDocInfoParser:2018 0.08838834764831843
com.google.javascript.rhino.JSDocInfo:1413 0.01662745363976212
com.google.javascript.rhino.JSDocInfo:1412 0.01662745363976212
com.google.javascript.rhino.jstype.FunctionType:1122 0.019331116825676477
com.google.javascript.jscomp.NodeUtil:3036 0.020837855928270654
com.google.javascript.jscomp.TypeInference:291 0.1125087900926024
com.google.javascript.jscomp.TypeInference:292 0.1125087900926024
com.google.javascript.jscomp.NodeTraversal:295 0.015278308283803521
com.google.javascript.jscomp.NodeUtil:179 0.021616885058355847
com.google.javascript.jscomp.TypedScopeCreator:1949 0.0
com.google.javascript.jscomp.TypedScopeCreator:223 0.022000616025873207
com.google.javascript.jscomp.TypedScopeCreator:224 0.022000616025873207
com.google.javascript.jscomp.parsing.JsDocInfoParser:2020 0.0574484989621426
com.google.javascript.rhino.jstype.FunctionType:1124 0.019331116825676477
com.google.javascript.jscomp.parsing.IRFactory:618 0.0
com.google.javascript.jscomp.parsing.IRFactory:619 0.0
com.google.javascript.jscomp.parsing.IRFactory:620 0.0
com.google.javascript.jscomp.ControlFlowAnalysis:152 0.018569533817705187
com.google.javascript.jscomp.ControlFlowAnalysis:153 0.018569533817705187
com.google.javascript.jscomp.ControlFlowAnalysis:154 0.018569533817705187
com.google.javascript.jscomp.ControlFlowAnalysis:156 0.018569533817705187
com.google.javascript.jscomp.ControlFlowAnalysis:157 0.018569533817705187
com.google.javascript.jscomp.ControlFlowAnalysis:163 0.018569533817705187
com.google.javascript.jscomp.ControlFlowAnalysis:162 0.018569533817705187
com.google.javascript.jscomp.ControlFlowAnalysis:161 0.018569533817705187
com.google.javascript.jscomp.ControlFlowAnalysis:165 0.018569533817705187
com.google.javascript.jscomp.ControlFlowAnalysis:150 0.018569533817705187
com.google.javascript.jscomp.ControlFlowAnalysis:151 0.018569533817705187
com.google.javascript.jscomp.NodeTraversal:294 0.015278308283803521
com.google.javascript.jscomp.TypedScopeCreator:1092 0.0
com.google.javascript.jscomp.ControlFlowAnalysis:228 0.02090605025017727
com.google.javascript.rhino.jstype.ArrowType:205 0.02137845624045064
com.google.javascript.jscomp.graph.LinkedDirectedGraph:389 0.0
com.google.javascript.jscomp.parsing.JsDocInfoParser:937 0.020942695414584774
com.google.javascript.jscomp.parsing.JsDocInfoParser:938 0.020942695414584774
com.google.javascript.rhino.jstype.FunctionType:1125 0.019331116825676477
com.google.javascript.jscomp.parsing.IRFactory:622 0.0
com.google.javascript.jscomp.parsing.IRFactory:621 0.0
com.google.javascript.rhino.jstype.BooleanType:108 0.01233159059167475
com.google.javascript.jscomp.graph.LinkedDirectedGraph:438 0.0
com.google.javascript.jscomp.graph.LinkedDirectedGraph:439 0.0
com.google.javascript.jscomp.parsing.JsDocTokenStream:229 0.016645872314630744
com.google.javascript.jscomp.ControlFlowGraph:51 0.018556740475630138
com.google.javascript.jscomp.ControlFlowGraph:50 0.018556740475630138
com.google.javascript.jscomp.ControlFlowGraph:49 0.018556740475630138
com.google.javascript.jscomp.ControlFlowGraph:52 0.018556740475630138
com.google.javascript.jscomp.parsing.JsDocInfoParser:2004 0.05688801239885743
com.google.javascript.jscomp.parsing.JsDocInfoParser:2005 0.05688801239885743
com.google.javascript.jscomp.TypedScopeCreator:1269 0.0
com.google.javascript.rhino.jstype.FunctionType:1035 0.02306941649993959
com.google.javascript.jscomp.TypeCheck:1016 0.06851887098275317
com.google.javascript.jscomp.TypeCheck:1013 0.06851887098275317
com.google.javascript.jscomp.TypeCheck:1014 0.06851887098275317
com.google.javascript.jscomp.parsing.JsDocInfoParser:149 0.018646853515705036
com.google.javascript.jscomp.TypedScopeCreator:1953 0.0
com.google.javascript.rhino.Node:1586 0.01891511969643836
com.google.javascript.rhino.jstype.FunctionType:1131 0.019331116825676477
com.google.javascript.rhino.jstype.FunctionType:1128 0.019331116825676477
com.google.javascript.rhino.jstype.FunctionType:1129 0.019331116825676477
com.google.javascript.jscomp.TypedScopeCreator:95 0.019837990021453852
com.google.javascript.jscomp.TypeCheck:815 0.04564354645876384
com.google.javascript.jscomp.TypeInference:425 0.03724194613619294
com.google.javascript.jscomp.TypeInference:424 0.03724194613619294
com.google.javascript.jscomp.TypeInference:635 0.02009669677645352
com.google.javascript.jscomp.TypeInference:636 0.02009669677645352
com.google.javascript.jscomp.TypedScopeCreator:197 0.019837990021453852
com.google.javascript.jscomp.TypedScopeCreator:196 0.019837990021453852
com.google.javascript.jscomp.TypedScopeCreator:198 0.019837990021453852
com.google.javascript.jscomp.TypedScopeCreator:1266 0.0
com.google.javascript.jscomp.TypeCheck:1017 0.06900655593423542
com.google.javascript.jscomp.TypeCheck:1018 0.06900655593423542
com.google.javascript.jscomp.ControlFlowAnalysis:224 0.019948201925179914
com.google.javascript.jscomp.TypedScopeCreator:1961 0.0
com.google.javascript.jscomp.parsing.IRFactory:361 0.012505863498094339
com.google.javascript.jscomp.TypedScopeCreator:1956 0.0
com.google.javascript.jscomp.FunctionTypeBuilder:266 0.023511520528619944
com.google.javascript.jscomp.TypeInference:423 0.03724194613619294
com.google.javascript.jscomp.TypeInference:422 0.03724194613619294
com.google.javascript.rhino.Node:1589 0.019499439399175793
com.google.javascript.rhino.jstype.FunctionType:397 0.01233159059167475
com.google.javascript.jscomp.TypeCheck:1561 0.03342631352324378
com.google.javascript.jscomp.TypeCheck:1560 0.03342631352324378
com.google.javascript.jscomp.TypeCheck:1563 0.03342631352324378
com.google.javascript.jscomp.NodeUtil:1452 0.018266554145039696
com.google.javascript.jscomp.TypeCheck:814 0.020801757406701715
com.google.javascript.jscomp.parsing.JsDocInfoParser:2011 0.05707301455353496
com.google.javascript.jscomp.parsing.JsDocInfoParser:2009 0.05707301455353496
com.google.javascript.jscomp.NodeUtil:3080 0.19245008972987526
com.google.javascript.jscomp.TypedScopeCreator:204 0.019837990021453852
com.google.javascript.jscomp.TypedScopeCreator:207 0.019837990021453852
com.google.javascript.jscomp.TypedScopeCreator:206 0.019837990021453852
com.google.javascript.jscomp.TypedScopeCreator:208 0.019837990021453852
com.google.javascript.jscomp.TypedScopeCreator:209 0.019837990021453852
com.google.javascript.jscomp.TypedScopeCreator:200 0.019837990021453852
com.google.javascript.jscomp.TypeInference:279 0.03829197905337418
com.google.javascript.jscomp.TypeInference:278 0.03829197905337418
com.google.javascript.jscomp.FunctionTypeBuilder:294 0.023511520528619944
com.google.javascript.rhino.jstype.FunctionType:1041 0.02306941649993959
com.google.javascript.jscomp.NodeTraversal:302 0.015278308283803521
com.google.javascript.rhino.Node:1591 0.02024026108485969
com.google.javascript.jscomp.TypedScopeCreator:1952 0.0
com.google.javascript.jscomp.TypeInference:418 0.03649051825844134
com.google.javascript.jscomp.TypeInference:421 0.03649051825844134
com.google.javascript.jscomp.TypeInference:420 0.03649051825844134
com.google.javascript.rhino.JSDocInfo:954 0.02170837475265037
com.google.javascript.jscomp.parsing.IRFactory:410 0.0
com.google.javascript.jscomp.parsing.IRFactory:411 0.0
com.google.javascript.jscomp.parsing.JsDocInfoParser:2013 0.057353933467640436
com.google.javascript.jscomp.TypedScopeCreator:184 0.019830187468537895
com.google.javascript.jscomp.TypedScopeCreator:185 0.019830187468537895
com.google.javascript.jscomp.TypedScopeCreator:143 0.019830187468537895
com.google.javascript.jscomp.TypedScopeCreator:142 0.019830187468537895
com.google.javascript.jscomp.TypedScopeCreator:179 0.019830187468537895
com.google.javascript.jscomp.TypedScopeCreator:147 0.019830187468537895
com.google.javascript.jscomp.TypedScopeCreator:182 0.019830187468537895
com.google.javascript.jscomp.TypedScopeCreator:183 0.019830187468537895
com.google.javascript.jscomp.TypedScopeCreator:180 0.019830187468537895
com.google.javascript.jscomp.TypedScopeCreator:181 0.019830187468537895
com.google.javascript.rhino.jstype.FunctionType:399 0.01233159059167475
com.google.javascript.rhino.jstype.FunctionType:398 0.01233159059167475
com.google.javascript.jscomp.TypedScopeCreator:212 0.0201374031110059
com.google.javascript.jscomp.TypedScopeCreator:213 0.0201374031110059
com.google.javascript.jscomp.TypedScopeCreator:210 0.0201374031110059
com.google.javascript.jscomp.TypedScopeCreator:211 0.0201374031110059
com.google.javascript.jscomp.NodeUtil:3082 0.020008004803202244
com.google.javascript.jscomp.ControlFlowAnalysis:220 0.018569533817705187
com.google.javascript.jscomp.ControlFlowAnalysis:222 0.018569533817705187
com.google.javascript.jscomp.TypeInference:283 0.032791291789197645
com.google.javascript.jscomp.TypeInference:282 0.032791291789197645
com.google.javascript.rhino.Node:197 0.0
com.google.javascript.rhino.Node:198 0.0
com.google.javascript.rhino.jstype.ArrowType:212 0.021412736228951155
com.google.javascript.rhino.Node:1593 0.019492029389636262
com.google.javascript.jscomp.NodeTraversal:297 0.015278308283803521
com.google.javascript.jscomp.NodeTraversal:298 0.015278308283803521
com.google.javascript.jscomp.NodeTraversal:299 0.015278308283803521
com.google.javascript.jscomp.NodeTraversal:300 0.015278308283803521
com.google.javascript.jscomp.TypeCheck:812 0.020801757406701715
com.google.javascript.jscomp.TypeCheck:811 0.020801757406701715
com.google.javascript.jscomp.parsing.IRFactory:364 0.012505863498094339
com.google.javascript.jscomp.Scope:300 0.0
com.google.javascript.jscomp.NodeUtil:1437 0.01815483105328993
com.google.javascript.jscomp.parsing.JsDocInfoParser:2014 0.08804509063256238
com.google.javascript.jscomp.parsing.JsDocInfoParser:2015 0.08804509063256238
com.google.javascript.jscomp.TypedScopeCreator:871 0.0
com.google.javascript.jscomp.TypeCheck:351 0.020672455764868078
com.google.javascript.rhino.jstype.FunctionType:144 0.01233159059167475
com.google.javascript.jscomp.TypeInference:717 0.11547005383792514
com.google.javascript.jscomp.TypeInference:719 0.11547005383792514
com.google.javascript.jscomp.TypeInference:718 0.11547005383792514
com.google.javascript.jscomp.Scope:258 0.0
com.google.javascript.jscomp.parsing.JsDocInfoParser:1633 0.019411072904885092
com.google.javascript.rhino.jstype.PrototypeObjectType:174 0.012981540392700207
com.google.javascript.jscomp.ComposeWarningsGuard:89 0.012536290240743358
com.google.javascript.jscomp.ComposeWarningsGuard:90 0.012536290240743358
com.google.javascript.jscomp.TypeCheck:739 0.020865053489458874
com.google.javascript.jscomp.TypeCheck:738 0.020865053489458874
com.google.javascript.jscomp.ControlFlowAnalysis:207 0.018569533817705187
com.google.javascript.jscomp.ControlFlowAnalysis:209 0.018569533817705187
com.google.javascript.jscomp.ControlFlowAnalysis:211 0.018569533817705187
com.google.javascript.jscomp.TypeCheck:350 0.020672455764868078
com.google.javascript.jscomp.TypeCheck:348 0.020672455764868078
com.google.javascript.jscomp.TypeCheck:347 0.020672455764868078
com.google.javascript.jscomp.TypeCheck:819 0.04564354645876384
com.google.javascript.rhino.Node:853 0.012115206069746899
com.google.javascript.rhino.Node:852 0.012115206069746899
com.google.javascript.rhino.jstype.FunctionType:143 0.01233159059167475
com.google.javascript.rhino.jstype.FunctionType:142 0.01233159059167475
com.google.javascript.rhino.jstype.PrototypeObjectType:236 0.012981540392700207
com.google.javascript.rhino.jstype.JSType:1120 0.019331116825676477
com.google.javascript.jscomp.TypeInference:716 0.1125087900926024
com.google.javascript.rhino.jstype.FunctionType:964 0.023331648330687904
com.google.javascript.rhino.jstype.InstanceObjectType:189 0.01233159059167475
com.google.javascript.jscomp.SemanticReverseAbstractInterpreter:121 0.01972574607881179
com.google.javascript.jscomp.SemanticReverseAbstractInterpreter:104 0.01972574607881179
com.google.javascript.jscomp.SemanticReverseAbstractInterpreter:120 0.01972574607881179
com.google.javascript.rhino.jstype.FunctionType:204 0.03479445003196105
com.google.javascript.rhino.Node:854 0.012147341951316728
com.google.javascript.jscomp.TypedScopeCreator:870 0.0
com.google.javascript.jscomp.TypeCheck:821 0.020801757406701715
com.google.javascript.jscomp.ControlFlowAnalysis:182 0.018569533817705187
com.google.javascript.jscomp.TypeInference:713 0.1125087900926024
com.google.javascript.jscomp.TypeInference:712 0.1125087900926024
com.google.javascript.jscomp.TypeInference:715 0.1125087900926024
com.google.javascript.jscomp.TypeInference:709 0.1125087900926024
com.google.javascript.jscomp.TypeInference:708 0.1125087900926024
com.google.javascript.jscomp.TypeInference:710 0.1125087900926024
com.google.javascript.rhino.jstype.PrototypeObjectType:245 0.14586499149789456
com.google.javascript.jscomp.DataFlowAnalysis:227 0.01904848294398648
com.google.javascript.jscomp.TypedScopeCreator:1204 0.0
com.google.javascript.rhino.JSDocInfo:475 0.02099339861404064
com.google.javascript.jscomp.NodeTraversal:174 0.0
com.google.javascript.jscomp.JSModule:95 0.013419494703807908
com.google.javascript.jscomp.JSModule:94 0.013419494703807908
com.google.javascript.jscomp.TypeCheck:715 0.10206207261596577
com.google.javascript.jscomp.TypeCheck:714 0.10206207261596577
com.google.javascript.jscomp.ControlFlowAnalysis:212 0.018569533817705187
com.google.javascript.jscomp.ControlFlowAnalysis:213 0.018569533817705187
com.google.javascript.rhino.jstype.JSTypeRegistry:1679 0.02010075630518424
com.google.javascript.rhino.jstype.JSTypeRegistry:1680 0.02010075630518424
com.google.javascript.rhino.jstype.JSTypeRegistry:1681 0.02010075630518424
com.google.javascript.jscomp.TypeCheck:823 0.020801757406701715
com.google.javascript.rhino.Node:856 0.012115206069746899
com.google.javascript.jscomp.DataFlowAnalysis:225 0.019414730885301035
com.google.javascript.rhino.jstype.PrototypeObjectType:239 0.012981540392700207
com.google.javascript.rhino.jstype.PrototypeObjectType:242 0.012981540392700207
com.google.javascript.rhino.jstype.PrototypeObjectType:241 0.012981540392700207
com.google.javascript.jscomp.ComposeWarningsGuard:88 0.012534320519584096
com.google.javascript.jscomp.TypedScopeCreator:588 0.0
com.google.javascript.jscomp.TypedScopeCreator:589 0.0
com.google.javascript.rhino.jstype.NumberType:54 0.01233159059167475
com.google.javascript.rhino.jstype.NumberType:53 0.01233159059167475
com.google.javascript.rhino.jstype.JSTypeRegistry:1329 0.03573708449459316
com.google.javascript.rhino.jstype.JSTypeRegistry:1331 0.03573708449459316
com.google.javascript.rhino.jstype.JSTypeRegistry:1332 0.03573708449459316
com.google.javascript.jscomp.TypedScopeCreator:1176 0.0
com.google.javascript.jscomp.TypedScopeCreator:1185 0.0
com.google.javascript.jscomp.parsing.JsDocInfoParser:1622 0.019360077316559157
com.google.javascript.jscomp.TypeCheck:352 0.020672455764868078
com.google.javascript.rhino.jstype.FunctionType:1105 0.019830187468537895
com.google.javascript.jscomp.graph.LinkedDirectedGraph:500 0.0
com.google.javascript.jscomp.ControlFlowAnalysis:781 0.018521694664415903
com.google.javascript.jscomp.parsing.IRFactory:1328 0.013739945609158968
com.google.javascript.jscomp.TypeInference:119 0.019837990021453852
com.google.javascript.jscomp.ComposeWarningsGuard:102 0.012534320519584096
com.google.javascript.jscomp.parsing.IRFactory:264 0.017579063848365748
com.google.javascript.jscomp.parsing.IRFactory:265 0.017579063848365748
com.google.javascript.jscomp.parsing.IRFactory:263 0.017579063848365748
com.google.javascript.jscomp.TypeInference:131 0.019837990021453852
com.google.javascript.jscomp.TypeInference:130 0.019837990021453852
com.google.javascript.jscomp.TypeInference:132 0.019837990021453852
com.google.javascript.jscomp.TypedScopeCreator:690 0.0
com.google.javascript.rhino.jstype.UnionTypeBuilder:234 0.02084690996125416
com.google.javascript.jscomp.ControlFlowAnalysis:782 0.018867924528301886
com.google.javascript.rhino.jstype.FunctionType:147 0.01233159059167475
com.google.javascript.jscomp.DataFlowAnalysis:404 0.0
com.google.javascript.jscomp.TypeCheck:1521 0.020865053489458874
com.google.javascript.jscomp.TypedScopeCreator:596 0.0
com.google.javascript.jscomp.TypeInference:411 0.019837990021453852
com.google.javascript.jscomp.DataFlowAnalysis:224 0.01904848294398648
com.google.javascript.rhino.jstype.FunctionType:1101 0.019331116825676477
com.google.javascript.rhino.jstype.FunctionType:1103 0.019331116825676477
com.google.javascript.rhino.jstype.FunctionType:1104 0.019331116825676477
com.google.javascript.jscomp.ControlFlowAnalysis:126 0.018569533817705187
com.google.javascript.jscomp.ControlFlowAnalysis:139 0.018569533817705187
com.google.javascript.jscomp.ControlFlowAnalysis:95 0.018569533817705187
com.google.javascript.jscomp.ControlFlowAnalysis:70 0.018569533817705187
com.google.javascript.jscomp.ControlFlowAnalysis:138 0.018569533817705187
com.google.javascript.jscomp.ControlFlowAnalysis:141 0.018569533817705187
com.google.javascript.jscomp.ControlFlowAnalysis:140 0.018569533817705187
com.google.javascript.jscomp.ControlFlowAnalysis:142 0.018569533817705187
com.google.javascript.jscomp.ControlFlowAnalysis:778 0.02214037213850238
com.google.javascript.jscomp.SourceFile:183 0.012559999557888024
com.google.javascript.jscomp.JSError:169 0.023695618019100723
com.google.javascript.rhino.jstype.UnionTypeBuilder:235 0.020860513166591616
com.google.javascript.jscomp.parsing.IRFactory:262 0.012505863498094339
com.google.javascript.jscomp.parsing.IRFactory:261 0.012505863498094339
com.google.javascript.jscomp.TypeCheck:690 0.02137845624045064
com.google.javascript.jscomp.TypeCheck:688 0.02137845624045064
com.google.javascript.jscomp.TypeCheck:689 0.02137845624045064
com.google.javascript.jscomp.ControlFlowAnalysis:197 0.018569533817705187
com.google.javascript.jscomp.ControlFlowAnalysis:199 0.018569533817705187
com.google.javascript.jscomp.TypedScopeCreator:664 0.0
com.google.javascript.rhino.jstype.FunctionType:280 0.02110531445965636
com.google.javascript.jscomp.parsing.IRFactory:760 0.0
com.google.javascript.jscomp.TypeInference:407 0.022327214034455325
com.google.javascript.jscomp.TypeCheck:1519 0.021393127492027906
com.google.javascript.jscomp.RhinoErrorReporter:139 0.0
com.google.javascript.jscomp.DataFlowAnalysis:402 0.0
com.google.javascript.jscomp.DataFlowAnalysis:222 0.019045028063583717
com.google.javascript.jscomp.DataFlowAnalysis:223 0.019045028063583717
com.google.javascript.rhino.jstype.FunctionParamBuilder:137 0.01233159059167475
com.google.javascript.rhino.jstype.FunctionParamBuilder:136 0.01233159059167475
com.google.javascript.rhino.jstype.FunctionParamBuilder:138 0.01233159059167475
com.google.javascript.rhino.jstype.FunctionParamBuilder:135 0.01233159059167475
com.google.javascript.jscomp.TypedScopeCreator:603 0.0
com.google.javascript.jscomp.TypedScopeCreator:327 0.019830187468537895
com.google.javascript.jscomp.TypedScopeCreator:331 0.019830187468537895
com.google.javascript.jscomp.TypedScopeCreator:328 0.019830187468537895
com.google.javascript.jscomp.TypedScopeCreator:329 0.019830187468537895
com.google.javascript.jscomp.parsing.JsDocInfoParser:264 0.019142481328851556
com.google.javascript.rhino.jstype.FunctionType:979 0.023331648330687904
com.google.javascript.jscomp.JSError:204 0.02595870658255825
com.google.javascript.rhino.jstype.UnionTypeBuilder:102 0.01233159059167475
com.google.javascript.rhino.jstype.UnionTypeBuilder:101 0.01233159059167475
com.google.javascript.jscomp.parsing.IRFactory:269 0.012505863498094339
com.google.javascript.jscomp.ComposeWarningsGuard:95 0.012536290240743358
com.google.javascript.jscomp.ComposeWarningsGuard:96 0.012536290240743358
com.google.javascript.rhino.jstype.UnionTypeBuilder:232 0.01233159059167475
com.google.javascript.jscomp.ControlFlowAnalysis:201 0.018569533817705187
com.google.javascript.jscomp.TypeInference:404 0.0229597066319268
com.google.javascript.jscomp.DataFlowAnalysis:220 0.019121472563060887
com.google.javascript.rhino.jstype.FunctionType:283 0.021171431068793448
com.google.javascript.rhino.jstype.FunctionType:282 0.021171431068793448
com.google.javascript.jscomp.parsing.IRFactory:570 0.0
com.google.javascript.jscomp.parsing.IRFactory:569 0.0
com.google.javascript.jscomp.parsing.IRFactory:568 0.0
com.google.javascript.jscomp.TypedScopeCreator:869 0.0
com.google.javascript.rhino.jstype.JSType:145 0.01233159059167475
com.google.javascript.jscomp.ControlFlowAnalysis:203 0.018569533817705187
com.google.javascript.jscomp.ControlFlowAnalysis:202 0.018569533817705187
com.google.javascript.jscomp.NodeTraversal:289 0.015278308283803521
com.google.javascript.rhino.jstype.RecordTypeBuilder:98 0.0
com.google.javascript.rhino.jstype.RecordTypeBuilder:99 0.0
com.google.javascript.rhino.jstype.RecordTypeBuilder:96 0.0
com.google.javascript.rhino.jstype.RecordTypeBuilder:97 0.0
com.google.javascript.jscomp.ComposeWarningsGuard:100 0.012534320519584096
com.google.javascript.jscomp.ComposeWarningsGuard:98 0.012534320519584096
com.google.javascript.jscomp.ComposeWarningsGuard:99 0.012534320519584096
com.google.javascript.jscomp.ComposeWarningsGuard:97 0.012534320519584096
com.google.javascript.jscomp.ControlFlowAnalysis:785 0.018575940419178427
com.google.javascript.jscomp.DataFlowAnalysis:218 0.019124969220777426
com.google.javascript.rhino.jstype.UnionTypeBuilder:233 0.01233159059167475
com.google.javascript.jscomp.parsing.IRFactory:266 0.017584498711333246
com.google.javascript.jscomp.TypeInference:402 0.022327214034455325
com.google.javascript.jscomp.DataFlowAnalysis:405 0.0
com.google.javascript.jscomp.TypeInference:397 0.022327214034455325
com.google.javascript.rhino.jstype.UnionTypeBuilder:230 0.01233159059167475
com.google.javascript.rhino.jstype.UnionTypeBuilder:229 0.01233159059167475
com.google.javascript.jscomp.parsing.IRFactory:1340 0.01256198141187399
com.google.javascript.rhino.jstype.FunctionType:152 0.01233159059167475
com.google.javascript.rhino.jstype.FunctionType:153 0.01233159059167475
com.google.javascript.rhino.jstype.FunctionType:151 0.01233159059167475
com.google.javascript.jscomp.NodeUtil:1632 0.013987724164911076
com.google.javascript.jscomp.TypedScopeCreator:1214 0.0
com.google.javascript.jscomp.ControlFlowAnalysis:829 0.018640373288397023
com.google.javascript.jscomp.PrepareAst:187 0.0
com.google.javascript.rhino.jstype.JSTypeRegistry:879 0.01233159059167475
com.google.javascript.jscomp.ControlFlowAnalysis:774 0.018521694664415903
com.google.javascript.jscomp.parsing.IRFactory:1056 0.0
com.google.javascript.jscomp.parsing.IRFactory:1057 0.0
com.google.javascript.jscomp.TypeCheck:397 0.020672455764868078
com.google.javascript.jscomp.TypeInference:396 0.019837990021453852
com.google.javascript.jscomp.FunctionTypeBuilder:250 0.023498534324630827
com.google.javascript.jscomp.FunctionTypeBuilder:251 0.023498534324630827
com.google.javascript.jscomp.FunctionTypeBuilder:249 0.023498534324630827
com.google.javascript.rhino.JSDocInfo:102 0.0
com.google.javascript.rhino.JSDocInfo:103 0.0
com.google.javascript.rhino.JSDocInfo:100 0.0
com.google.javascript.rhino.JSDocInfo:101 0.0
com.google.javascript.rhino.JSDocInfo:99 0.0
com.google.javascript.rhino.JSDocInfo:96 0.0
com.google.javascript.rhino.JSDocInfo:104 0.0
com.google.javascript.rhino.JSDocInfo:105 0.0
com.google.javascript.rhino.JSDocInfo:87 0.0
com.google.javascript.rhino.JSDocInfo:93 0.0
com.google.javascript.rhino.JSDocInfo:92 0.0
com.google.javascript.rhino.JSDocInfo:95 0.0
com.google.javascript.rhino.JSDocInfo:94 0.0
com.google.javascript.rhino.JSDocInfo:91 0.0
com.google.javascript.jscomp.TypeInference:723 0.2
com.google.javascript.rhino.jstype.ObjectType:651 0.0
com.google.javascript.rhino.jstype.ObjectType:650 0.0
com.google.javascript.jscomp.parsing.JsDocInfoParser:220 0.016659726559488115
com.google.javascript.jscomp.parsing.JsDocInfoParser:221 0.016659726559488115
com.google.javascript.jscomp.parsing.JsDocInfoParser:222 0.016659726559488115
com.google.javascript.jscomp.parsing.JsDocInfoParser:216 0.016659726559488115
com.google.javascript.jscomp.parsing.JsDocInfoParser:217 0.016659726559488115
com.google.javascript.jscomp.parsing.JsDocInfoParser:218 0.016659726559488115
com.google.javascript.jscomp.SuppressDocWarningsGuard:99 0.012536290240743358
com.google.javascript.jscomp.TypeInference:796 0.032791291789197645
com.google.javascript.jscomp.TypeInference:795 0.032791291789197645
com.google.javascript.jscomp.parsing.JsDocInfoParser:129 0.01662056238286334
com.google.javascript.jscomp.parsing.JsDocInfoParser:131 0.01662056238286334
com.google.javascript.jscomp.parsing.JsDocInfoParser:130 0.01662056238286334
com.google.javascript.jscomp.parsing.JsDocInfoParser:2238 0.01662056238286334
com.google.javascript.jscomp.parsing.JsDocInfoParser:89 0.01662056238286334
com.google.javascript.jscomp.parsing.JsDocInfoParser:54 0.01662056238286334
com.google.javascript.jscomp.parsing.JsDocInfoParser:134 0.01662056238286334
com.google.javascript.jscomp.InferJSDocInfo:195 0.020961090407515925
com.google.javascript.jscomp.TypedScopeCreator:684 0.0
com.google.javascript.jscomp.CompilerOptions:1046 0.012536290240743358
com.google.javascript.jscomp.FunctionTypeBuilder:246 0.02010075630518424
com.google.javascript.jscomp.TypeInference:395 0.019837990021453852
com.google.javascript.jscomp.NodeUtil:1618 0.013987724164911076
com.google.javascript.jscomp.TypedScopeCreator:1218 0.0
com.google.javascript.jscomp.parsing.JsDocInfoParser:137 0.01662056238286334
com.google.javascript.jscomp.parsing.JsDocInfoParser:138 0.01662056238286334
com.google.javascript.jscomp.TypeInference:152 0.019837990021453852
com.google.javascript.jscomp.TypeInference:154 0.019837990021453852
com.google.javascript.jscomp.TypeInference:150 0.019837990021453852
com.google.javascript.jscomp.TypeInference:151 0.019837990021453852
com.google.javascript.jscomp.ControlFlowAnalysis:777 0.018521694664415903
com.google.javascript.jscomp.SourceFile:195 0.012654173322741616
com.google.javascript.jscomp.SourceFile:194 0.012654173322741616
com.google.javascript.jscomp.parsing.IRFactory:1058 0.0
com.google.javascript.jscomp.parsing.IRFactory:1059 0.0
com.google.javascript.jscomp.FunctionTypeBuilder:245 0.02010075630518424
com.google.javascript.jscomp.TypeInference:394 0.019837990021453852
com.google.javascript.jscomp.parsing.JsDocInfoParser:229 0.016664352333993333
com.google.javascript.jscomp.parsing.JsDocInfoParser:227 0.016664352333993333
com.google.javascript.jscomp.Compiler:1881 0.01251957714590336
com.google.javascript.jscomp.Compiler:1880 0.01251957714590336
com.google.javascript.rhino.JSDocInfo:974 0.022124110386665733
com.google.javascript.jscomp.PrepareAst:186 0.0
com.google.javascript.rhino.jstype.FunctionType:982 0.021329769189683427
com.google.javascript.jscomp.parsing.JsDocTokenStream:384 0.016574838603294898
com.google.javascript.jscomp.parsing.IRFactory:1060 0.0
com.google.javascript.jscomp.TypedScopeCreator:558 0.0
com.google.javascript.jscomp.ControlFlowAnalysis:1002 0.0
com.google.javascript.jscomp.TypeCheck:405 0.20412414523193154
com.google.javascript.jscomp.CodingConvention:348 0.0
com.google.javascript.jscomp.CodingConvention:347 0.0
com.google.javascript.jscomp.CodingConvention:346 0.0
com.google.javascript.jscomp.CodingConvention:345 0.0
com.google.javascript.jscomp.RhinoErrorReporter:144 0.0
com.google.javascript.jscomp.RhinoErrorReporter:143 0.0
com.google.javascript.jscomp.TypeInference:721 0.11624763874381928
com.google.javascript.rhino.jstype.UnionTypeBuilder:222 0.01233159059167475
com.google.javascript.rhino.jstype.FunctionType:469 0.02060214108575823
com.google.javascript.jscomp.parsing.JsDocInfoParser:144 0.01662056238286334
com.google.javascript.jscomp.parsing.JsDocInfoParser:145 0.01662056238286334
com.google.javascript.jscomp.parsing.JsDocInfoParser:146 0.01662056238286334
com.google.javascript.jscomp.parsing.JsDocInfoParser:141 0.01662056238286334
com.google.javascript.jscomp.parsing.JsDocInfoParser:142 0.01662056238286334
com.google.javascript.jscomp.FunctionTypeBuilder:268 0.023655804575095973
com.google.javascript.jscomp.FunctionTypeBuilder:269 0.023655804575095973
com.google.javascript.jscomp.TypeInference:387 0.0246781968201642
com.google.javascript.jscomp.TypeInference:388 0.0246781968201642
com.google.javascript.jscomp.parsing.JsDocTokenStream:385 0.016574838603294898
com.google.javascript.jscomp.TypedScopeCreator:576 0.0
com.google.javascript.jscomp.TypedScopeCreator:575 0.0
com.google.javascript.jscomp.TypeCheck:772 0.03617873026462108
com.google.javascript.jscomp.ControlFlowAnalysis:214 0.018569533817705187
com.google.javascript.jscomp.parsing.IRFactory:1336 0.02732811719720984
com.google.javascript.jscomp.TypeCheck:406 0.20412414523193154
com.google.javascript.rhino.jstype.JSTypeRegistry:909 0.020281847857870915
com.google.javascript.jscomp.TypedScopeCreator:1207 0.0
com.google.javascript.jscomp.TypedScopeCreator:1205 0.0
com.google.javascript.jscomp.ControlFlowAnalysis:183 0.018569533817705187
com.google.javascript.jscomp.parsing.JsDocTokenStream:388 0.016574838603294898
com.google.javascript.jscomp.TypedScopeCreator:580 0.0
com.google.javascript.jscomp.TypedScopeCreator:581 0.0
com.google.javascript.rhino.Node:1886 0.012329715777434854
com.google.javascript.rhino.Node:1885 0.012329715777434854
com.google.javascript.jscomp.TypeInference:383 0.03649051825844134
com.google.javascript.jscomp.TypeInference:382 0.03649051825844134
com.google.javascript.jscomp.FunctionTypeBuilder:267 0.023655804575095973
com.google.javascript.rhino.jstype.VoidType:59 0.03329635791060134
com.google.javascript.jscomp.ControlFlowAnalysis:215 0.018569533817705187
com.google.javascript.rhino.jstype.FunctionBuilder:159 0.01233159059167475
com.google.javascript.jscomp.TypeCheck:773 0.03627381250550058
com.google.javascript.jscomp.parsing.JsDocInfoParser:139 0.016634353475582883
com.google.javascript.jscomp.TypeCheck:403 0.020716769761626043
com.google.javascript.jscomp.TypeCheck:404 0.020716769761626043
com.google.javascript.jscomp.FunctionTypeBuilder:264 0.023511520528619944
com.google.javascript.jscomp.FunctionTypeBuilder:265 0.023511520528619944
com.google.javascript.jscomp.FunctionTypeBuilder:262 0.023511520528619944
com.google.javascript.jscomp.FunctionTypeBuilder:263 0.023511520528619944
com.google.javascript.jscomp.FunctionTypeBuilder:260 0.023511520528619944
com.google.javascript.jscomp.ControlFlowAnalysis:190 0.018569533817705187
com.google.javascript.jscomp.ControlFlowAnalysis:189 0.018569533817705187
com.google.javascript.rhino.jstype.UnionTypeBuilder:220 0.01233159059167475
com.google.javascript.rhino.jstype.FunctionType:472 0.02060214108575823
com.google.javascript.rhino.jstype.FunctionType:473 0.02060214108575823
com.google.javascript.jscomp.TypedScopeCreator:569 0.0
com.google.javascript.jscomp.TypeCheck:756 0.020716769761626043
com.google.javascript.jscomp.TypeCheck:757 0.020716769761626043
com.google.javascript.rhino.jstype.InstanceObjectType:72 0.01233159059167475
com.google.javascript.rhino.jstype.JSTypeRegistry:901 0.020281847857870915
com.google.javascript.rhino.jstype.JSTypeRegistry:900 0.020281847857870915
com.google.javascript.jscomp.ControlFlowAnalysis:186 0.018569533817705187
com.google.javascript.jscomp.TypedScopeCreator:570 0.0
com.google.javascript.jscomp.TypeInference:373 0.022450662753346864
com.google.javascript.jscomp.TypedScopeCreator:680 0.0
com.google.javascript.rhino.jstype.NullType:109 0.01233159059167475
com.google.javascript.jscomp.NodeTraversal:426 0.019100532816794493
com.google.javascript.jscomp.CompilerOptions:1229 0.012538260890797305
com.google.javascript.jscomp.DataFlowAnalysis:473 0.0
com.google.javascript.jscomp.TypedScopeCreator:898 0.0
com.google.javascript.jscomp.TypedScopeCreator:897 0.0
com.google.javascript.rhino.jstype.FunctionParamBuilder:68 0.01233159059167475
com.google.javascript.rhino.jstype.FunctionParamBuilder:67 0.01233159059167475
com.google.javascript.jscomp.NodeTraversal:624 0.01505675802976226
com.google.javascript.jscomp.TypeInference:1115 0.030743773095067282
com.google.javascript.jscomp.TypeInference:732 0.1125087900926024
com.google.javascript.jscomp.TypeInference:734 0.1125087900926024
com.google.javascript.jscomp.Scope:242 0.0
com.google.javascript.jscomp.DataFlowAnalysis:202 0.019045028063583717
com.google.javascript.jscomp.CompilerInput:100 0.013401406685472435
com.google.javascript.rhino.Node:609 0.011874508331318274
com.google.javascript.jscomp.TypeCheck:797 0.020672455764868078
com.google.javascript.rhino.Node:1306 0.0
com.google.javascript.rhino.Node:1304 0.0
com.google.javascript.jscomp.TypedScopeCreator:1642 0.0
com.google.javascript.jscomp.TypedScopeCreator:1147 0.0
com.google.javascript.jscomp.TypedScopeCreator:1146 0.0
com.google.javascript.jscomp.TypedScopeCreator:891 0.0
com.google.javascript.jscomp.TypedScopeCreator:893 0.0
com.google.javascript.jscomp.TypedScopeCreator:892 0.0
com.google.javascript.jscomp.TypedScopeCreator:895 0.0
com.google.javascript.jscomp.TypedScopeCreator:896 0.0
com.google.javascript.jscomp.TypedScopeCreator:894 0.0
com.google.javascript.jscomp.DataFlowAnalysis:472 0.0
com.google.javascript.jscomp.TypedScopeCreator:1229 0.0
com.google.javascript.jscomp.DataFlowAnalysis:203 0.019045028063583717
com.google.javascript.rhino.JSDocInfo:649 0.01705977984837351
com.google.javascript.jscomp.graph.LinkedDirectedGraph:246 0.018553546269482774
com.google.javascript.rhino.Node:1271 0.0
com.google.javascript.rhino.Node:1274 0.0
com.google.javascript.rhino.Node:1275 0.0
com.google.javascript.rhino.Node:1272 0.0
com.google.javascript.rhino.Node:1273 0.0
com.google.javascript.jscomp.DataFlowAnalysis:471 0.0
com.google.javascript.jscomp.parsing.JsDocTokenStream:273 0.016634353475582883
com.google.javascript.rhino.jstype.NullType:55 0.01233159059167475
com.google.javascript.rhino.jstype.NullType:54 0.01233159059167475
com.google.javascript.rhino.jstype.JSType:265 0.01233159059167475
com.google.javascript.rhino.IR:414 0.0264535453763972
com.google.javascript.jscomp.parsing.JsDocTokenStream:369 0.016574838603294898
com.google.javascript.rhino.Node:1300 0.0
com.google.javascript.rhino.Node:610 0.011874508331318274
com.google.javascript.jscomp.TypedScopeCreator:889 0.0
com.google.javascript.jscomp.parsing.JsDocTokenStream:272 0.01663205257599714
com.google.javascript.rhino.jstype.FunctionParamBuilder:70 0.01233159059167475
com.google.javascript.jscomp.DataFlowAnalysis:201 0.019045028063583717
com.google.javascript.jscomp.DataFlowAnalysis:200 0.019045028063583717
com.google.javascript.jscomp.DataFlowAnalysis:475 0.0
com.google.javascript.jscomp.TypedScopeCreator:1150 0.0
com.google.javascript.jscomp.PrepareAst:194 0.0
com.google.javascript.jscomp.parsing.JsDocTokenStream:364 0.02012516524715244
com.google.javascript.jscomp.parsing.JsDocTokenStream:365 0.02012516524715244
com.google.javascript.jscomp.parsing.JsDocTokenStream:366 0.02012516524715244
com.google.javascript.jscomp.CompilerInput:339 0.01889822365046136
com.google.javascript.rhino.jstype.UnknownType:115 0.02339541354478655
com.google.javascript.jscomp.TypeCheck:1754 0.11704114719613057
com.google.javascript.jscomp.graph.LinkedDirectedGraph:243 0.018553546269482774
com.google.javascript.rhino.jstype.FunctionType:429 0.021349204063136496
com.google.javascript.jscomp.TypeCheck:786 0.06362847629757777
com.google.javascript.jscomp.TypeCheck:785 0.06362847629757777
com.google.javascript.jscomp.TypeCheck:784 0.04045566970313674
com.google.javascript.jscomp.parsing.JsDocTokenStream:275 0.016634353475582883
com.google.javascript.rhino.jstype.FunctionType:184 0.01233159059167475
com.google.javascript.jscomp.DataFlowAnalysis:462 0.0
com.google.javascript.rhino.jstype.JSTypeRegistry:523 0.0
com.google.javascript.rhino.jstype.FunctionType:944 0.02156655464068768
com.google.javascript.jscomp.ControlFlowAnalysis:352 0.02189489404922193
com.google.javascript.jscomp.ControlFlowAnalysis:353 0.02189489404922193
com.google.javascript.jscomp.parsing.JsDocTokenStream:370 0.016574838603294898
com.google.javascript.jscomp.NodeTraversal:579 0.019295098316976827
com.google.javascript.rhino.jstype.FunctionType:427 0.021349204063136496
com.google.javascript.jscomp.TypeCheck:1828 0.020974918506045256
com.google.javascript.jscomp.TypeCheck:1829 0.020974918506045256
com.google.javascript.jscomp.DataFlowAnalysis:460 0.0
com.google.javascript.jscomp.DataFlowAnalysis:458 0.0
com.google.javascript.jscomp.DataFlowAnalysis:457 0.0
com.google.javascript.rhino.jstype.FunctionType:947 0.021238172967060986
com.google.javascript.jscomp.TypedScopeCreator:878 0.0
com.google.javascript.rhino.Node:760 0.012056070554260303
com.google.javascript.jscomp.CompilerInput:336 0.01889822365046136
com.google.javascript.jscomp.NodeTraversal:577 0.020104818294981227
com.google.javascript.rhino.Node:618 0.011910671441936367
com.google.javascript.rhino.Node:619 0.011910671441936367
com.google.javascript.rhino.Node:617 0.011910671441936367
com.google.javascript.rhino.jstype.PrototypeObjectType:179 0.0607456739230787
com.google.javascript.jscomp.DataFlowAnalysis:470 0.0
com.google.javascript.jscomp.TypedScopeCreator:876 0.0
com.google.javascript.rhino.jstype.ObjectType:612 0.0
com.google.javascript.rhino.Node:614 0.011876183038093588
com.google.javascript.rhino.Node:615 0.011876183038093588
com.google.javascript.rhino.JSDocInfo:648 0.016664352333993333
com.google.javascript.jscomp.TypeCheck:783 0.03617873026462108
com.google.javascript.jscomp.NodeTraversal:576 0.019295098316976827
com.google.javascript.jscomp.NodeTraversal:575 0.019295098316976827
com.google.javascript.jscomp.NodeTraversal:574 0.019295098316976827
com.google.javascript.jscomp.NodeTraversal:573 0.019295098316976827
com.google.javascript.rhino.JSDocInfo:288 0.016415515398025365
com.google.javascript.rhino.JSDocInfo:253 0.016415515398025365
com.google.javascript.rhino.JSDocInfo:251 0.016415515398025365
com.google.javascript.rhino.JSDocInfo:248 0.016415515398025365
com.google.javascript.rhino.JSDocInfo:276 0.016415515398025365
com.google.javascript.rhino.JSDocInfo:334 0.01647556015797342
com.google.javascript.rhino.JSDocInfo:246 0.016415515398025365
com.google.javascript.rhino.JSDocInfo:266 0.016415515398025365
com.google.javascript.rhino.JSDocInfo:335 0.01647556015797342
com.google.javascript.rhino.JSDocInfo:281 0.016415515398025365
com.google.javascript.rhino.JSDocInfo:333 0.01647556015797342
com.google.javascript.rhino.jstype.FunctionType:943 0.021011927654376678
com.google.javascript.rhino.Node:284 0.0
com.google.javascript.jscomp.DataFlowAnalysis:463 0.0
com.google.javascript.jscomp.DataFlowAnalysis:468 0.0
com.google.javascript.jscomp.DataFlowAnalysis:469 0.0
com.google.javascript.jscomp.DataFlowAnalysis:465 0.0
com.google.javascript.rhino.Node:1145 0.012350385893835972
com.google.javascript.rhino.jstype.FunctionParamBuilder:142 0.01233159059167475
com.google.javascript.rhino.jstype.FunctionParamBuilder:63 0.01233159059167475
com.google.javascript.jscomp.Scope:239 0.0
com.google.javascript.jscomp.Scope:240 0.0
com.google.javascript.jscomp.Scope:241 0.0
com.google.javascript.rhino.Node:611 0.011874508331318274
com.google.javascript.rhino.Node:612 0.011874508331318274
com.google.javascript.rhino.Node:613 0.011874508331318274
com.google.javascript.jscomp.parsing.JsDocTokenStream:372 0.020129242055711864
com.google.javascript.jscomp.parsing.JsDocTokenStream:371 0.020129242055711864
com.google.javascript.jscomp.FunctionTypeBuilder:830 0.0
com.google.javascript.jscomp.CodingConventions:360 0.0
com.google.javascript.rhino.Node:762 0.012545165491583023
com.google.javascript.jscomp.parsing.JsDocTokenStream:343 0.016581673118850265
com.google.javascript.rhino.jstype.FunctionType:953 0.023331648330687904
com.google.javascript.jscomp.DataFlowAnalysis:216 0.019121472563060887
com.google.javascript.jscomp.TypeCheck:393 0.020672455764868078
com.google.javascript.jscomp.parsing.JsDocTokenStream:341 0.016581673118850265
com.google.javascript.jscomp.TypedScopeCreator:1173 0.0
com.google.javascript.rhino.jstype.JSType:1016 0.01233159059167475
com.google.javascript.jscomp.NodeTraversal:569 0.012610831807632956
com.google.javascript.jscomp.CodingConventions:148 0.0
com.google.javascript.rhino.Node:764 0.012056070554260303
com.google.javascript.jscomp.TypedScopeCreator:874 0.0
com.google.javascript.jscomp.CompilerOptions:821 0.012531367677927138
com.google.javascript.jscomp.CompilerOptions:820 0.012531367677927138
com.google.javascript.jscomp.CompilerOptions:823 0.012531367677927138
com.google.javascript.jscomp.CompilerOptions:822 0.012531367677927138
com.google.javascript.jscomp.CompilerOptions:817 0.012531367677927138
com.google.javascript.jscomp.CompilerOptions:816 0.012531367677927138
com.google.javascript.jscomp.CompilerOptions:819 0.012531367677927138
com.google.javascript.jscomp.CompilerOptions:818 0.012531367677927138
com.google.javascript.jscomp.CompilerOptions:829 0.012531367677927138
com.google.javascript.jscomp.CompilerOptions:828 0.012531367677927138
com.google.javascript.jscomp.CompilerOptions:831 0.012531367677927138
com.google.javascript.jscomp.CompilerOptions:830 0.012531367677927138
com.google.javascript.jscomp.CompilerOptions:825 0.012531367677927138
com.google.javascript.jscomp.CompilerOptions:824 0.012531367677927138
com.google.javascript.jscomp.CompilerOptions:827 0.012531367677927138
com.google.javascript.jscomp.CompilerOptions:826 0.012531367677927138
com.google.javascript.jscomp.CompilerOptions:804 0.012531367677927138
com.google.javascript.jscomp.CompilerOptions:805 0.012531367677927138
com.google.javascript.jscomp.CompilerOptions:800 0.012531367677927138
com.google.javascript.jscomp.CompilerOptions:801 0.012531367677927138
com.google.javascript.jscomp.CompilerOptions:802 0.012531367677927138
com.google.javascript.jscomp.CompilerOptions:803 0.012531367677927138
com.google.javascript.jscomp.CompilerOptions:812 0.012531367677927138
com.google.javascript.jscomp.CompilerOptions:813 0.012531367677927138
com.google.javascript.jscomp.CompilerOptions:814 0.012531367677927138
com.google.javascript.jscomp.CompilerOptions:815 0.012531367677927138
com.google.javascript.jscomp.CompilerOptions:808 0.012531367677927138
com.google.javascript.jscomp.CompilerOptions:809 0.012531367677927138
com.google.javascript.jscomp.CompilerOptions:810 0.012531367677927138
com.google.javascript.jscomp.CompilerOptions:811 0.012531367677927138
com.google.javascript.jscomp.CompilerOptions:791 0.012531367677927138
com.google.javascript.jscomp.CompilerOptions:790 0.012531367677927138
com.google.javascript.jscomp.CompilerOptions:789 0.012531367677927138
com.google.javascript.jscomp.CompilerOptions:788 0.012531367677927138
com.google.javascript.jscomp.CompilerOptions:787 0.012531367677927138
com.google.javascript.jscomp.CompilerOptions:786 0.012531367677927138
com.google.javascript.jscomp.CompilerOptions:785 0.012531367677927138
com.google.javascript.jscomp.CompilerOptions:784 0.012531367677927138
com.google.javascript.jscomp.CompilerOptions:799 0.012531367677927138
com.google.javascript.jscomp.CompilerOptions:798 0.012531367677927138
com.google.javascript.jscomp.CompilerOptions:797 0.012531367677927138
com.google.javascript.jscomp.CompilerOptions:40 0.012531367677927138
com.google.javascript.jscomp.CompilerOptions:796 0.012531367677927138
com.google.javascript.jscomp.CompilerOptions:795 0.012531367677927138
com.google.javascript.jscomp.CompilerOptions:794 0.012531367677927138
com.google.javascript.jscomp.CompilerOptions:793 0.012531367677927138
com.google.javascript.jscomp.CompilerOptions:792 0.012531367677927138
com.google.javascript.jscomp.CompilerOptions:774 0.012531367677927138
com.google.javascript.jscomp.CompilerOptions:782 0.012531367677927138
com.google.javascript.jscomp.CompilerOptions:783 0.012531367677927138
com.google.javascript.jscomp.CompilerOptions:779 0.012531367677927138
com.google.javascript.jscomp.CompilerOptions:776 0.012531367677927138
com.google.javascript.jscomp.CompilerOptions:881 0.012531367677927138
com.google.javascript.jscomp.CompilerOptions:880 0.012531367677927138
com.google.javascript.jscomp.CompilerOptions:883 0.012531367677927138
com.google.javascript.jscomp.CompilerOptions:882 0.012531367677927138
com.google.javascript.jscomp.CompilerOptions:885 0.012531367677927138
com.google.javascript.jscomp.CompilerOptions:884 0.012531367677927138
com.google.javascript.jscomp.CompilerOptions:887 0.012531367677927138
com.google.javascript.jscomp.CompilerOptions:886 0.012531367677927138
com.google.javascript.jscomp.CompilerOptions:889 0.012531367677927138
com.google.javascript.jscomp.CompilerOptions:888 0.012531367677927138
com.google.javascript.jscomp.CompilerOptions:619 0.012531367677927138
com.google.javascript.jscomp.CompilerOptions:891 0.012531367677927138
com.google.javascript.jscomp.CompilerOptions:890 0.012531367677927138
com.google.javascript.jscomp.CompilerOptions:893 0.012531367677927138
com.google.javascript.jscomp.CompilerOptions:892 0.012531367677927138
com.google.javascript.jscomp.CompilerOptions:864 0.012531367677927138
com.google.javascript.jscomp.CompilerOptions:865 0.012531367677927138
com.google.javascript.jscomp.CompilerOptions:866 0.012531367677927138
com.google.javascript.jscomp.CompilerOptions:867 0.012531367677927138
com.google.javascript.jscomp.CompilerOptions:868 0.012531367677927138
com.google.javascript.jscomp.CompilerOptions:869 0.012531367677927138
com.google.javascript.jscomp.CompilerOptions:870 0.012531367677927138
com.google.javascript.jscomp.CompilerOptions:871 0.012531367677927138
com.google.javascript.jscomp.CompilerOptions:872 0.012531367677927138
com.google.javascript.jscomp.CompilerOptions:873 0.012531367677927138
com.google.javascript.jscomp.CompilerOptions:634 0.012531367677927138
com.google.javascript.jscomp.CompilerOptions:874 0.012531367677927138
com.google.javascript.jscomp.CompilerOptions:875 0.012531367677927138
com.google.javascript.jscomp.CompilerOptions:876 0.012531367677927138
com.google.javascript.jscomp.CompilerOptions:877 0.012531367677927138
com.google.javascript.jscomp.CompilerOptions:878 0.012531367677927138
com.google.javascript.jscomp.CompilerOptions:637 0.012531367677927138
com.google.javascript.jscomp.CompilerOptions:879 0.012531367677927138
com.google.javascript.jscomp.CompilerOptions:851 0.012531367677927138
com.google.javascript.jscomp.CompilerOptions:850 0.012531367677927138
com.google.javascript.jscomp.CompilerOptions:849 0.012531367677927138
com.google.javascript.jscomp.CompilerOptions:848 0.012531367677927138
com.google.javascript.jscomp.CompilerOptions:855 0.012531367677927138
com.google.javascript.jscomp.CompilerOptions:854 0.012531367677927138
com.google.javascript.jscomp.CompilerOptions:853 0.012531367677927138
com.google.javascript.jscomp.CompilerOptions:852 0.012531367677927138
com.google.javascript.jscomp.CompilerOptions:857 0.012531367677927138
com.google.javascript.jscomp.CompilerOptions:856 0.012531367677927138
com.google.javascript.jscomp.CompilerOptions:863 0.012531367677927138
com.google.javascript.jscomp.CompilerOptions:862 0.012531367677927138
com.google.javascript.jscomp.CompilerOptions:861 0.012531367677927138
com.google.javascript.jscomp.CompilerOptions:860 0.012531367677927138
com.google.javascript.jscomp.CompilerOptions:834 0.012531367677927138
com.google.javascript.jscomp.CompilerOptions:835 0.012531367677927138
com.google.javascript.jscomp.CompilerOptions:117 0.012531367677927138
com.google.javascript.jscomp.CompilerOptions:832 0.012531367677927138
com.google.javascript.jscomp.CompilerOptions:833 0.012531367677927138
com.google.javascript.jscomp.CompilerOptions:838 0.012531367677927138
com.google.javascript.jscomp.CompilerOptions:839 0.012531367677927138
com.google.javascript.jscomp.CompilerOptions:836 0.012531367677927138
com.google.javascript.jscomp.CompilerOptions:837 0.012531367677927138
com.google.javascript.jscomp.CompilerOptions:842 0.012531367677927138
com.google.javascript.jscomp.CompilerOptions:843 0.012531367677927138
com.google.javascript.jscomp.CompilerOptions:846 0.012531367677927138
com.google.javascript.jscomp.CompilerOptions:847 0.012531367677927138
com.google.javascript.jscomp.CompilerOptions:121 0.012531367677927138
com.google.javascript.jscomp.CompilerOptions:844 0.012531367677927138
com.google.javascript.jscomp.CompilerOptions:845 0.012531367677927138
com.google.javascript.jscomp.CompilerOptions:686 0.012531367677927138
com.google.javascript.jscomp.CompilerOptions:684 0.012531367677927138
com.google.javascript.jscomp.CompilerOptions:688 0.012531367677927138
com.google.javascript.jscomp.CompilerOptions:640 0.012531367677927138
com.google.javascript.jscomp.CompilerOptions:912 0.012531367677927138
com.google.javascript.jscomp.CompilerOptions:911 0.012531367677927138
com.google.javascript.jscomp.CompilerOptions:910 0.012531367677927138
com.google.javascript.jscomp.CompilerOptions:907 0.012531367677927138
com.google.javascript.jscomp.CompilerOptions:906 0.012531367677927138
com.google.javascript.jscomp.CompilerOptions:905 0.012531367677927138
com.google.javascript.jscomp.CompilerOptions:904 0.012531367677927138
com.google.javascript.jscomp.CompilerOptions:903 0.012531367677927138
com.google.javascript.jscomp.CompilerOptions:902 0.012531367677927138
com.google.javascript.jscomp.CompilerOptions:661 0.012531367677927138
com.google.javascript.jscomp.CompilerOptions:901 0.012531367677927138
com.google.javascript.jscomp.CompilerOptions:900 0.012531367677927138
com.google.javascript.jscomp.CompilerOptions:899 0.012531367677927138
com.google.javascript.jscomp.CompilerOptions:898 0.012531367677927138
com.google.javascript.jscomp.CompilerOptions:897 0.012531367677927138
com.google.javascript.jscomp.CompilerOptions:896 0.012531367677927138
com.google.javascript.jscomp.CompilerOptions:729 0.012531367677927138
com.google.javascript.jscomp.CompilerOptions:732 0.012531367677927138
com.google.javascript.jscomp.CompilerOptions:725 0.012531367677927138
com.google.javascript.jscomp.NodeTraversal:140 0.0
com.google.javascript.jscomp.DataFlowAnalysis:217 0.019121472563060887
com.google.javascript.jscomp.NodeTraversal:556 0.040128617695256406
com.google.javascript.rhino.jstype.FunctionType:110 0.01233159059167475
com.google.javascript.rhino.jstype.FunctionType:136 0.01233159059167475
com.google.javascript.rhino.jstype.FunctionType:138 0.01233159059167475
com.google.javascript.rhino.jstype.FunctionType:116 0.01233159059167475
com.google.javascript.rhino.jstype.FunctionType:133 0.01233159059167475
com.google.javascript.jscomp.TypeCheck:391 0.020672455764868078
com.google.javascript.jscomp.parsing.JsDocTokenStream:340 0.016581673118850265
com.google.javascript.jscomp.parsing.JsDocTokenStream:339 0.016581673118850265
com.google.javascript.jscomp.parsing.JsDocTokenStream:338 0.016581673118850265
com.google.javascript.jscomp.NodeTraversal:567 0.014619195618433589
com.google.javascript.rhino.jstype.JSType:1017 0.02179068168202045
com.google.javascript.rhino.Node:761 0.012056070554260303
com.google.javascript.rhino.jstype.FunctionType:948 0.023331648330687904
com.google.javascript.rhino.jstype.FunctionType:949 0.023331648330687904
com.google.javascript.jscomp.DataFlowAnalysis:495 0.0
com.google.javascript.jscomp.DataFlowAnalysis:494 0.0
com.google.javascript.jscomp.DataFlowAnalysis:496 0.0
com.google.javascript.jscomp.DataFlowAnalysis:497 0.0
com.google.javascript.jscomp.DataFlowAnalysis:498 0.0
com.google.javascript.jscomp.DataFlowAnalysis:499 0.0
com.google.javascript.jscomp.Scope:265 0.0
com.google.javascript.jscomp.TypeCheck:389 0.02124775914356676
com.google.javascript.jscomp.parsing.JsDocInfoParser:1619 0.019295098316976827
com.google.javascript.jscomp.parsing.JsDocInfoParser:1620 0.019295098316976827
com.google.javascript.jscomp.TypeCheck:804 0.020672455764868078
com.google.javascript.jscomp.TypeCheck:803 0.020672455764868078
com.google.javascript.jscomp.TypeCheck:387 0.020672455764868078
com.google.javascript.jscomp.TypeCheck:386 0.020672455764868078
com.google.javascript.jscomp.TypeCheck:385 0.020672455764868078
com.google.javascript.jscomp.TypeCheck:383 0.020672455764868078
com.google.javascript.jscomp.TypeCheck:388 0.020672455764868078
com.google.javascript.jscomp.DataFlowAnalysis:213 0.019121472563060887
com.google.javascript.jscomp.TypeInference:126 0.019837990021453852
com.google.javascript.jscomp.parsing.JsDocTokenStream:348 0.016572562308756485
com.google.javascript.jscomp.TypeCheck:1550 0.020865053489458874
com.google.javascript.jscomp.parsing.JsDocInfoParser:274 0.019142481328851556
com.google.javascript.jscomp.parsing.JsDocInfoParser:273 0.019142481328851556
com.google.javascript.rhino.Node:218 0.0
com.google.javascript.rhino.JSDocInfo:1007 0.021128856368212913
com.google.javascript.rhino.JSDocInfo:1006 0.021128856368212913
com.google.javascript.jscomp.NodeTraversal:563 0.012610831807632956
com.google.javascript.rhino.jstype.PrototypeObjectType:247 0.012981540392700207
com.google.javascript.rhino.jstype.PrototypeObjectType:248 0.012981540392700207
com.google.javascript.jscomp.TypedScopeCreator:873 0.0
com.google.javascript.jscomp.TypeCheck:800 0.020801757406701715
com.google.javascript.jscomp.ControlFlowAnalysis:855 0.018751465015433733
com.google.javascript.rhino.Node:2195 0.016120647005479025
com.google.javascript.jscomp.TypedScopeCreator:1671 0.0
com.google.javascript.jscomp.TypeInference:1124 0.03125
com.google.javascript.jscomp.NodeTraversal:550 0.029774566708770683
com.google.javascript.jscomp.TypeCheck:799 0.020672455764868078
com.google.javascript.rhino.jstype.FunctionType:141 0.01233159059167475
com.google.javascript.rhino.jstype.FunctionType:140 0.01233159059167475
com.google.javascript.jscomp.TypeCheck:1760 0.10206207261596577
com.google.javascript.jscomp.TypeCheck:1759 0.10206207261596577
com.google.javascript.jscomp.TypeInference:1122 0.04264014327112208
com.google.javascript.rhino.jstype.JSType:238 0.01233159059167475
com.google.javascript.jscomp.NodeTraversal:554 0.055131784641997125
com.google.javascript.jscomp.parsing.JsDocTokenStream:360 0.02012516524715244
com.google.javascript.jscomp.NodeUtil:2097 0.06063390625908324
com.google.javascript.jscomp.TypeInferencePass:102 0.0
com.google.javascript.jscomp.TypeInferencePass:103 0.0
com.google.javascript.jscomp.TypeInferencePass:101 0.0
com.google.javascript.jscomp.NodeTraversal:566 0.012610831807632956
com.google.javascript.jscomp.NodeTraversal:565 0.012610831807632956
com.google.javascript.jscomp.NodeTraversal:564 0.012610831807632956
com.google.javascript.rhino.Node:846 0.012115206069746899
com.google.javascript.jscomp.TypeInference:738 0.1125087900926024
com.google.javascript.jscomp.TypedScopeCreator:1153 0.0
com.google.javascript.jscomp.TypedScopeCreator:1171 0.0
com.google.javascript.jscomp.TypedScopeCreator:1154 0.0
com.google.javascript.jscomp.TypedScopeCreator:1172 0.0
com.google.javascript.jscomp.TypedScopeCreator:1164 0.0
com.google.javascript.jscomp.TypedScopeCreator:1166 0.0
com.google.javascript.jscomp.TypeInference:1119 0.03125
com.google.javascript.jscomp.TypeInference:1121 0.03125
com.google.javascript.jscomp.MemoizedScopeCreator:57 0.02015375504476893
com.google.javascript.jscomp.MemoizedScopeCreator:49 0.02015375504476893
com.google.javascript.jscomp.MemoizedScopeCreator:56 0.02015375504476893
com.google.javascript.jscomp.MemoizedScopeCreator:55 0.02015375504476893
com.google.javascript.jscomp.TypeValidator:372 0.02175970699446223
com.google.javascript.jscomp.parsing.JsDocTokenStream:356 0.016574838603294898
com.google.javascript.jscomp.parsing.JsDocTokenStream:359 0.016574838603294898
com.google.javascript.jscomp.parsing.JsDocTokenStream:355 0.016574838603294898
com.google.javascript.jscomp.DataFlowAnalysis:207 0.019045028063583717
com.google.javascript.jscomp.DataFlowAnalysis:208 0.019045028063583717
com.google.javascript.jscomp.DataFlowAnalysis:209 0.019045028063583717
com.google.javascript.jscomp.DataFlowAnalysis:210 0.019045028063583717
com.google.javascript.jscomp.TypeInferencePass:106 0.0
com.google.javascript.jscomp.NodeTraversal:553 0.034099716973523674
com.google.javascript.jscomp.TypeInferencePass:104 0.0
com.google.javascript.jscomp.ControlFlowAnalysis:1016 0.0
com.google.javascript.jscomp.ControlFlowAnalysis:1017 0.0
com.google.javascript.jscomp.ControlFlowAnalysis:1014 0.0
com.google.javascript.jscomp.NodeTraversal:521 0.014732989993187165
com.google.javascript.jscomp.parsing.JsDocTokenStream:266 0.0201374031110059
com.google.javascript.jscomp.parsing.JsDocTokenStream:265 0.0201374031110059
com.google.javascript.rhino.jstype.FunctionType:832 0.021324918758878316
com.google.javascript.jscomp.parsing.JsDocTokenStream:108 0.06008417681261097
com.google.javascript.jscomp.TypeCheck:529 0.02127659574468085
com.google.javascript.jscomp.TypeCheck:531 0.02127659574468085
com.google.javascript.rhino.InputId:69 0.02306941649993959
com.google.javascript.jscomp.ControlFlowAnalysis:509 0.018579146207522112
com.google.javascript.jscomp.FunctionTypeBuilder:694 0.021339479988815996
com.google.javascript.jscomp.FunctionTypeBuilder:692 0.021339479988815996
com.google.javascript.jscomp.TypeInference:485 0.025424641809046068
com.google.javascript.jscomp.TypeInference:488 0.025424641809046068
com.google.javascript.rhino.jstype.RecordType:265 0.1796053020267749
com.google.javascript.jscomp.InferJSDocInfo:173 0.022005942406783077
com.google.javascript.jscomp.InferJSDocInfo:172 0.022005942406783077
com.google.javascript.jscomp.NodeTraversal:503 0.012612837825590072
com.google.javascript.jscomp.NodeTraversal:504 0.012612837825590072
com.google.javascript.jscomp.NodeTraversal:505 0.012612837825590072
com.google.javascript.jscomp.NodeTraversal:524 0.013876848237393777
com.google.javascript.jscomp.NodeTraversal:525 0.013876848237393777
com.google.javascript.jscomp.NodeTraversal:527 0.013876848237393777
com.google.javascript.jscomp.parsing.IRFactory:196 0.012505863498094339
com.google.javascript.jscomp.parsing.IRFactory:195 0.012505863498094339
com.google.javascript.rhino.jstype.FunctionBuilder:117 0.019952172111690553
com.google.javascript.rhino.jstype.FunctionBuilder:116 0.019952172111690553
com.google.javascript.jscomp.parsing.JsDocTokenStream:111 0.018911736861805844
com.google.javascript.jscomp.TypedScopeCreator:1381 0.0
com.google.javascript.jscomp.TypedScopeCreator:1383 0.0
com.google.javascript.jscomp.TypeValidator:736 0.05862103817605492
com.google.javascript.jscomp.TypeValidator:735 0.05862103817605492
com.google.javascript.rhino.Node:1095 0.012135707849456652
com.google.javascript.rhino.Node:1096 0.012135707849456652
com.google.javascript.jscomp.InferJSDocInfo:170 0.022005942406783077
com.google.javascript.jscomp.InferJSDocInfo:168 0.022005942406783077
com.google.javascript.jscomp.NodeTraversal:496 0.01261986643456444
com.google.javascript.jscomp.NodeTraversal:497 0.01261986643456444
com.google.javascript.jscomp.NodeTraversal:498 0.01261986643456444
com.google.javascript.jscomp.NodeTraversal:499 0.01261986643456444
com.google.javascript.rhino.Node:2367 0.017484762112905904
com.google.javascript.jscomp.TypeInferencePass:51 0.020161945963637795
com.google.javascript.jscomp.TypeInferencePass:49 0.020161945963637795
com.google.javascript.jscomp.TypeInferencePass:48 0.020161945963637795
com.google.javascript.jscomp.TypeInferencePass:46 0.020161945963637795
com.google.javascript.jscomp.TypeInferencePass:47 0.020161945963637795
com.google.javascript.jscomp.TypeInferencePass:53 0.020161945963637795
com.google.javascript.jscomp.TypeInferencePass:45 0.020161945963637795
com.google.javascript.jscomp.NodeTraversal:530 0.01646439104262425
com.google.javascript.jscomp.JSError:144 0.023433924539650597
com.google.javascript.jscomp.JSError:145 0.023433924539650597
com.google.javascript.jscomp.JSError:146 0.023433924539650597
com.google.javascript.jscomp.JSError:147 0.023433924539650597
com.google.javascript.jscomp.JSError:148 0.023433924539650597
com.google.javascript.jscomp.JSError:149 0.023433924539650597
com.google.javascript.jscomp.JSError:150 0.023433924539650597
com.google.javascript.jscomp.JSError:151 0.023433924539650597
com.google.javascript.jscomp.parsing.JsDocInfoParser:2181 0.018935454896394255
com.google.javascript.jscomp.parsing.JsDocInfoParser:2183 0.018935454896394255
com.google.javascript.jscomp.parsing.JsDocInfoParser:2182 0.018935454896394255
com.google.javascript.jscomp.parsing.JsDocTokenStream:260 0.016588516095874008
com.google.javascript.jscomp.parsing.JsDocTokenStream:261 0.016588516095874008
com.google.javascript.rhino.jstype.RecordType:260 0.23570226039551587
com.google.javascript.jscomp.parsing.JsDocInfoParser:823 0.019737269249541726
com.google.javascript.jscomp.parsing.JsDocInfoParser:822 0.019737269249541726
com.google.javascript.jscomp.parsing.JsDocInfoParser:825 0.019737269249541726
com.google.javascript.jscomp.parsing.JsDocInfoParser:826 0.019737269249541726
com.google.javascript.jscomp.ControlFlowAnalysis:515 0.018595200082640047
com.google.javascript.rhino.InputId:68 0.02306941649993959
com.google.javascript.jscomp.TypeCheck:543 0.02595870658255825
com.google.javascript.jscomp.TypeCheck:542 0.02595870658255825
com.google.javascript.jscomp.TypeCheck:544 0.02595870658255825
com.google.javascript.jscomp.parsing.Config:81 0.012126781251816649
com.google.javascript.jscomp.parsing.Config:80 0.012126781251816649
com.google.javascript.jscomp.parsing.Config:82 0.012126781251816649
com.google.javascript.jscomp.parsing.Config:76 0.012126781251816649
com.google.javascript.jscomp.parsing.Config:77 0.012126781251816649
com.google.javascript.jscomp.parsing.Config:78 0.012126781251816649
com.google.javascript.jscomp.parsing.Config:79 0.012126781251816649
com.google.javascript.jscomp.parsing.Config:75 0.012126781251816649
com.google.javascript.rhino.JSDocInfoBuilder:207 0.021466939537054593
com.google.javascript.jscomp.TypeInference:489 0.03578281334822566
com.google.javascript.jscomp.TypeInference:490 0.03578281334822566
com.google.javascript.jscomp.parsing.IRFactory:725 0.0
com.google.javascript.jscomp.InferJSDocInfo:178 0.022005942406783077
com.google.javascript.jscomp.InferJSDocInfo:180 0.022005942406783077
com.google.javascript.rhino.jstype.NoType:65 0.01233159059167475
com.google.javascript.rhino.jstype.NoType:66 0.01233159059167475
com.google.javascript.jscomp.TypedScopeCreator:1389 0.0
com.google.javascript.jscomp.TypedScopeCreator:1387 0.0
com.google.javascript.jscomp.parsing.JsDocTokenStream:105 0.060302268915552716
com.google.javascript.jscomp.parsing.IRFactory:201 0.012505863498094339
com.google.javascript.jscomp.parsing.JsDocTokenStream:262 0.016595367551840077
com.google.javascript.jscomp.parsing.JsDocTokenStream:263 0.016595367551840077
com.google.javascript.jscomp.TypeValidator:556 0.02307555769970229
com.google.javascript.rhino.jstype.JSTypeRegistry:588 0.01233159059167475
com.google.javascript.rhino.jstype.JSTypeRegistry:589 0.01233159059167475
com.google.javascript.jscomp.FunctionTypeBuilder:317 0.02010075630518424
com.google.javascript.jscomp.ClosureCodingConvention:265 0.030344856451720224
com.google.javascript.rhino.JSDocInfoBuilder:232 0.021466939537054593
com.google.javascript.jscomp.InferJSDocInfo:174 0.02201660678463551
com.google.javascript.rhino.jstype.RecordType:261 0.4472135954999579
com.google.javascript.jscomp.FunctionTypeBuilder:684 0.02306941649993959
com.google.javascript.jscomp.NodeTraversal:533 0.013876848237393777
com.google.javascript.jscomp.NodeTraversal:540 0.013876848237393777
com.google.javascript.jscomp.NodeTraversal:534 0.013876848237393777
com.google.javascript.jscomp.NodeTraversal:537 0.013876848237393777
com.google.javascript.jscomp.FunctionTypeBuilder:840 0.0
com.google.javascript.jscomp.FunctionTypeBuilder:309 0.022416791983111015
com.google.javascript.jscomp.FunctionTypeBuilder:308 0.022416791983111015
com.google.javascript.rhino.InputId:67 0.02306941649993959
com.google.javascript.rhino.jstype.FunctionType:828 0.020842381469843886
com.google.javascript.jscomp.parsing.JsDocInfoParser:2302 0.016636655330361162
com.google.javascript.jscomp.TypeCheck:552 0.03342631352324378
com.google.javascript.jscomp.TypeCheck:553 0.03342631352324378
com.google.javascript.jscomp.Scope:83 0.0
com.google.javascript.jscomp.ControlFlowAnalysis:320 0.018569533817705187
com.google.javascript.jscomp.ControlFlowAnalysis:321 0.018569533817705187
com.google.javascript.rhino.Node:859 0.011874508331318274
com.google.javascript.rhino.Node:860 0.011874508331318274
com.google.javascript.jscomp.NodeTraversal:516 0.013876848237393777
com.google.javascript.jscomp.TypeCheck:1034 0.021687943336591728
com.google.javascript.jscomp.TypeCheck:1417 0.039968038348871575
com.google.javascript.rhino.JSDocInfoBuilder:142 0.01662745363976212
com.google.javascript.rhino.jstype.FunctionType:457 0.021262162778128115
com.google.javascript.jscomp.TypeValidator:744 0.05862103817605492
com.google.javascript.jscomp.InferJSDocInfo:163 0.021291058142914557
com.google.javascript.jscomp.InferJSDocInfo:164 0.021291058142914557
com.google.javascript.jscomp.parsing.JsDocInfoParser:2221 0.01693456425746444
com.google.javascript.jscomp.NodeTraversal:489 0.013876848237393777
com.google.javascript.jscomp.NodeTraversal:490 0.013876848237393777
com.google.javascript.jscomp.BasicErrorManager:76 0.01260682264148248
com.google.javascript.jscomp.SourceFile:189 0.018784518919133613
com.google.javascript.rhino.Node:289 0.0
com.google.javascript.jscomp.TypedScopeCreator:1927 0.0
com.google.javascript.jscomp.TypedScopeCreator:1926 0.0
com.google.javascript.jscomp.TypedScopeCreator:1929 0.0
com.google.javascript.jscomp.TypedScopeCreator:1928 0.0
com.google.javascript.jscomp.TypedScopeCreator:1366 0.0
com.google.javascript.jscomp.TypedScopeCreator:1364 0.0
com.google.javascript.jscomp.parsing.IRFactory:163 0.012505863498094339
com.google.javascript.jscomp.parsing.IRFactory:162 0.012505863498094339
com.google.javascript.jscomp.parsing.IRFactory:161 0.012505863498094339
com.google.javascript.rhino.jstype.FunctionParamBuilder:118 0.02363597296235327
com.google.javascript.rhino.jstype.FunctionParamBuilder:117 0.02363597296235327
com.google.javascript.rhino.jstype.FunctionParamBuilder:116 0.02363597296235327
com.google.javascript.rhino.jstype.FunctionParamBuilder:115 0.02363597296235327
com.google.javascript.jscomp.ControlFlowAnalysis:521 0.018569533817705187
com.google.javascript.jscomp.FunctionTypeBuilder:307 0.02010075630518424
com.google.javascript.jscomp.DataFlowAnalysis:483 0.0
com.google.javascript.jscomp.ClosureCodingConvention:262 0.03027524209883363
com.google.javascript.rhino.JSDocInfoBuilder:140 0.016659726559488115
com.google.javascript.jscomp.TypeInference:483 0.033922676577637915
com.google.javascript.jscomp.NodeTraversal:487 0.012612837825590072
com.google.javascript.jscomp.InferJSDocInfo:160 0.02124775914356676
com.google.javascript.jscomp.parsing.IRFactory:488 0.0
com.google.javascript.rhino.jstype.FunctionType:827 0.020797258270192576
com.google.javascript.jscomp.TypeValidator:743 0.05862103817605492
com.google.javascript.rhino.jstype.RecordType:254 0.16222142113076254
com.google.javascript.rhino.jstype.JSTypeRegistry:978 0.012979353291279125
com.google.javascript.rhino.InputId:66 0.02306941649993959
com.google.javascript.jscomp.parsing.JsDocTokenStream:114 0.018938850476964256
com.google.javascript.jscomp.JSError:152 0.023433924539650597
com.google.javascript.jscomp.FunctionTypeBuilder:695 0.021363815131845643
com.google.javascript.jscomp.ClosureCodingConvention:258 0.03027524209883363
com.google.javascript.jscomp.ClosureCodingConvention:259 0.03027524209883363
com.google.javascript.jscomp.TypeCheck:1423 0.02595870658255825
com.google.javascript.jscomp.TypeValidator:573 0.022857516044124723
com.google.javascript.jscomp.NodeTraversal:493 0.012612837825590072
com.google.javascript.jscomp.InferJSDocInfo:167 0.021291058142914557
com.google.javascript.rhino.jstype.RecordType:255 0.1643989873053573
com.google.javascript.jscomp.TypeCheck:554 0.03342631352324378
com.google.javascript.rhino.jstype.FunctionBuilder:70 0.0206372085853249
com.google.javascript.rhino.jstype.FunctionBuilder:71 0.0206372085853249
com.google.javascript.jscomp.TypeCheck:1035 0.021687943336591728
com.google.javascript.jscomp.TypeCheck:1036 0.021687943336591728
com.google.javascript.jscomp.FunctionTypeBuilder:312 0.02010075630518424
com.google.javascript.jscomp.TypedScopeCreator:800 0.0
com.google.javascript.jscomp.TypedScopeCreator:801 0.0
com.google.javascript.jscomp.NodeTraversal:519 0.013876848237393777
com.google.javascript.rhino.jstype.JSType:149 0.01233159059167475
com.google.javascript.jscomp.TypeCheck:1424 0.02595870658255825
com.google.javascript.jscomp.FunctionTypeBuilder:697 0.021339479988815996
com.google.javascript.rhino.jstype.JSTypeRegistry:603 0.01233159059167475
com.google.javascript.rhino.jstype.JSTypeRegistry:602 0.01233159059167475
com.google.javascript.jscomp.TypeCheck:558 0.03673591791853225
com.google.javascript.jscomp.TypeCheck:559 0.03673591791853225
com.google.javascript.jscomp.TypeCheck:557 0.03673591791853225
com.google.javascript.jscomp.parsing.JsDocInfoParser:1975 0.086710996952412
com.google.javascript.jscomp.InferJSDocInfo:165 0.021349204063136496
com.google.javascript.rhino.jstype.JSType:153 0.01233159059167475
com.google.javascript.jscomp.NodeTraversal:481 0.01262892050706804
com.google.javascript.jscomp.NodeTraversal:480 0.01262892050706804
com.google.javascript.jscomp.NodeTraversal:343 0.020157849256095022
com.google.javascript.jscomp.NodeTraversal:342 0.020157849256095022
com.google.javascript.jscomp.NodeTraversal:341 0.020157849256095022
com.google.javascript.jscomp.NodeTraversal:340 0.020157849256095022
com.google.javascript.jscomp.NodeTraversal:339 0.020157849256095022
com.google.javascript.jscomp.NodeTraversal:338 0.020157849256095022
com.google.javascript.jscomp.NodeTraversal:336 0.020157849256095022
com.google.javascript.jscomp.NodeTraversal:344 0.020157849256095022
com.google.javascript.rhino.jstype.FunctionType:452 0.02120949209919259
com.google.javascript.rhino.jstype.PrototypeObjectType:130 0.020365796262448638
com.google.javascript.jscomp.parsing.JsDocTokenStream:132 0.02267462937912591
com.google.javascript.jscomp.parsing.JsDocInfoParser:2226 0.02026518240899438
com.google.javascript.jscomp.parsing.JsDocInfoParser:2227 0.02026518240899438
com.google.javascript.rhino.JSDocInfo:1066 0.018801111554573632
com.google.javascript.jscomp.JSError:153 0.023433924539650597
com.google.javascript.jscomp.TypedScopeCreator:1399 0.0
com.google.javascript.jscomp.TypedScopeCreator:797 0.0
com.google.javascript.jscomp.InferJSDocInfo:143 0.024814583349273254
com.google.javascript.jscomp.TypeInference:497 0.021124141684149264
com.google.javascript.jscomp.TypeValidator:542 0.023020462775806542
com.google.javascript.rhino.jstype.FunctionType:824 0.021011927654376678
com.google.javascript.jscomp.parsing.JsDocInfoParser:2224 0.01693456425746444
com.google.javascript.jscomp.parsing.JsDocInfoParser:2223 0.01693456425746444
com.google.javascript.jscomp.TypeValidator:749 0.07035975447302918
com.google.javascript.rhino.jstype.PrototypeObjectType:129 0.020133321342825528
com.google.javascript.jscomp.parsing.JsDocTokenStream:136 0.06523280730534423
com.google.javascript.jscomp.parsing.JsDocTokenStream:135 0.06523280730534423
com.google.javascript.jscomp.NodeUtil:3058 0.02042518425514167
com.google.javascript.rhino.jstype.JSTypeRegistry:1433 0.02017014687752732
com.google.javascript.jscomp.ClosureCodingConvention:128 0.029160592175990215
com.google.javascript.jscomp.graph.LinkedDirectedGraph:234 0.019055398349167647
com.google.javascript.jscomp.graph.LinkedDirectedGraph:233 0.019055398349167647
com.google.javascript.jscomp.NodeTraversal:179 0.0
com.google.javascript.jscomp.FunctionTypeBuilder:670 0.02306941649993959
com.google.javascript.jscomp.TypedScopeCreator:739 0.0
com.google.javascript.jscomp.TypedScopeCreator:741 0.0
com.google.javascript.jscomp.TypedScopeCreator:740 0.0
com.google.javascript.rhino.jstype.FunctionType:826 0.020446520502738267
com.google.javascript.jscomp.TypeValidator:533 0.022857516044124723
com.google.javascript.jscomp.NodeTraversal:478 0.012610831807632956
com.google.javascript.jscomp.NodeTraversal:479 0.012610831807632956
com.google.javascript.jscomp.InferJSDocInfo:142 0.021166687833365085
com.google.javascript.jscomp.LightweightMessageFormatter:51 0.012534320519584096
com.google.javascript.jscomp.LightweightMessageFormatter:50 0.012534320519584096
com.google.javascript.jscomp.LightweightMessageFormatter:53 0.012534320519584096
com.google.javascript.jscomp.LightweightMessageFormatter:52 0.012534320519584096
com.google.javascript.jscomp.CodingConventions:340 0.0
com.google.javascript.jscomp.TypeValidator:748 0.06835859270246633
com.google.javascript.rhino.jstype.FunctionType:454 0.02120949209919259
com.google.javascript.rhino.JSDocInfoBuilder:139 0.01662745363976212
com.google.javascript.jscomp.parsing.JsDocTokenStream:126 0.021884405476620426
com.google.javascript.jscomp.ComposeWarningsGuard:105 0.012531367677927138
com.google.javascript.jscomp.ControlFlowAnalysis:326 0.019331116825676477
com.google.javascript.jscomp.ControlFlowAnalysis:327 0.019331116825676477
com.google.javascript.jscomp.NodeUtil:1503 0.0141690825043918
com.google.javascript.jscomp.NodeUtil:3061 0.0216574040912105
com.google.javascript.jscomp.FunctionTypeBuilder:663 0.021281413268968714
com.google.javascript.jscomp.FunctionTypeBuilder:665 0.021281413268968714
com.google.javascript.jscomp.FunctionTypeBuilder:667 0.021281413268968714
com.google.javascript.jscomp.TypeInference:502 0.021124141684149264
com.google.javascript.jscomp.TypeInference:503 0.021124141684149264
com.google.javascript.jscomp.parsing.JsDocInfoParser:2082 0.1414213562373095
com.google.javascript.jscomp.parsing.JsDocInfoParser:2083 0.1414213562373095
com.google.javascript.jscomp.parsing.JsDocInfoParser:2080 0.1414213562373095
com.google.javascript.jscomp.NodeTraversal:485 0.012610831807632956
com.google.javascript.jscomp.NodeTraversal:484 0.012610831807632956
com.google.javascript.rhino.jstype.FunctionType:821 0.020361574059384203
com.google.javascript.rhino.jstype.FunctionType:823 0.020361574059384203
com.google.javascript.jscomp.parsing.JsDocTokenStream:129 0.023186944788008416
com.google.javascript.rhino.jstype.FunctionType:455 0.02120949209919259
com.google.javascript.jscomp.graph.LinkedDirectedGraph:230 0.019055398349167647
com.google.javascript.jscomp.CompilerInput:122 0.012681617242660871
com.google.javascript.jscomp.NodeUtil:3060 0.02046363772675145
com.google.javascript.rhino.JSDocInfoBuilder:69 0.016509204383655284
com.google.javascript.rhino.JSDocInfoBuilder:70 0.016509204383655284
com.google.javascript.rhino.JSDocInfoBuilder:71 0.016509204383655284
com.google.javascript.rhino.JSDocInfoBuilder:64 0.016509204383655284
com.google.javascript.rhino.JSDocInfoBuilder:67 0.016509204383655284
com.google.javascript.rhino.JSDocInfoBuilder:72 0.016509204383655284
com.google.javascript.rhino.JSDocInfoBuilder:61 0.016509204383655284
com.google.javascript.jscomp.InferJSDocInfo:146 0.02124775914356676
com.google.javascript.jscomp.InferJSDocInfo:147 0.02124775914356676
com.google.javascript.jscomp.TypeCheck:1040 0.02170837475265037
com.google.javascript.jscomp.FunctionTypeBuilder:668 0.02306941649993959
com.google.javascript.jscomp.FunctionTypeBuilder:669 0.02306941649993959
com.google.javascript.rhino.jstype.FunctionType:266 0.021744269101781406
com.google.javascript.rhino.JSDocInfoBuilder:485 0.021152477232345077
com.google.javascript.rhino.JSDocInfoBuilder:484 0.021152477232345077
com.google.javascript.rhino.JSDocInfoBuilder:486 0.021152477232345077
com.google.javascript.jscomp.graph.LinkedDirectedGraph:237 0.019055398349167647
com.google.javascript.jscomp.parsing.JsDocInfoParser:770 0.023629373500277863
com.google.javascript.jscomp.parsing.JsDocInfoParser:768 0.023629373500277863
com.google.javascript.jscomp.CompilerInput:118 0.012681617242660871
com.google.javascript.jscomp.CompilerInput:116 0.012681617242660871
com.google.javascript.jscomp.ComposeWarningsGuard:106 0.012536290240743358
com.google.javascript.jscomp.ComposeWarningsGuard:107 0.012536290240743358
com.google.javascript.jscomp.FunctionTypeBuilder:676 0.02306941649993959
com.google.javascript.jscomp.TypeInference:492 0.03578281334822566
com.google.javascript.jscomp.InferJSDocInfo:135 0.020734575325515897
com.google.javascript.jscomp.ControlFlowAnalysis:345 0.03492151478847891
com.google.javascript.jscomp.ControlFlowAnalysis:344 0.03492151478847891
com.google.javascript.jscomp.TypeInferencePass:56 0.020166045169934834
com.google.javascript.jscomp.TypeInferencePass:54 0.020166045169934834
com.google.javascript.jscomp.CompilerInput:119 0.012681617242660871
com.google.javascript.jscomp.CompilerInput:120 0.012681617242660871
com.google.javascript.jscomp.TypeValidator:554 0.02307555769970229
com.google.javascript.jscomp.TypeValidator:553 0.02307555769970229
com.google.javascript.jscomp.TypedScopeCreator:791 0.0
com.google.javascript.jscomp.TypedScopeCreator:795 0.0
com.google.javascript.jscomp.TypedScopeCreator:794 0.0
com.google.javascript.rhino.jstype.JSTypeRegistry:1425 0.02017014687752732
com.google.javascript.jscomp.NodeUtil:3055 0.02010075630518424
com.google.javascript.jscomp.parsing.JsDocInfoParser:2075 0.1414213562373095
com.google.javascript.jscomp.parsing.JsDocInfoParser:2076 0.1414213562373095
com.google.javascript.rhino.JSDocInfoBuilder:482 0.021143019383791626
com.google.javascript.jscomp.parsing.IRFactory:288 0.01504823163572115
com.google.javascript.jscomp.parsing.IRFactory:289 0.01504823163572115
com.google.javascript.jscomp.FunctionTypeBuilder:679 0.02306941649993959
com.google.javascript.jscomp.parsing.IRFactory:1232 0.015228622596829316
com.google.javascript.jscomp.parsing.IRFactory:720 0.0
com.google.javascript.jscomp.parsing.IRFactory:713 0.0
com.google.javascript.jscomp.parsing.IRFactory:717 0.0
com.google.javascript.jscomp.parsing.IRFactory:719 0.0
com.google.javascript.jscomp.parsing.IRFactory:718 0.0
com.google.javascript.jscomp.TypeValidator:146 0.020716769761626043
com.google.javascript.jscomp.TypeValidator:147 0.020716769761626043
com.google.javascript.jscomp.JSError:193 0.125
com.google.javascript.jscomp.PrepareAst:42 0.01264304343560434
com.google.javascript.jscomp.PrepareAst:43 0.01264304343560434
com.google.javascript.jscomp.parsing.IRFactory:209 0.012505863498094339
com.google.javascript.jscomp.InferJSDocInfo:141 0.021166687833365085
com.google.javascript.jscomp.graph.LinkedDirectedGraph:113 0.01723369655646452
com.google.javascript.jscomp.SourceFile:140 0.012620871481070599
com.google.javascript.jscomp.parsing.JsDocInfoParser:2069 0.14002800840280097
com.google.javascript.jscomp.parsing.JsDocInfoParser:2068 0.14002800840280097
com.google.javascript.jscomp.parsing.JsDocInfoParser:2071 0.14002800840280097
com.google.javascript.rhino.Node:1831 0.01233159059167475
com.google.javascript.rhino.Node:1832 0.01233159059167475
com.google.javascript.jscomp.NodeTraversal:542 0.013876848237393777
com.google.javascript.jscomp.NodeTraversal:544 0.013876848237393777
com.google.javascript.jscomp.NodeTraversal:545 0.013876848237393777
com.google.javascript.jscomp.graph.LinkedDirectedGraph:236 0.019055398349167647
com.google.javascript.jscomp.graph.LinkedDirectedGraph:235 0.019055398349167647
com.google.javascript.jscomp.ComposeWarningsGuard:108 0.012531367677927138
com.google.javascript.jscomp.FunctionTypeBuilder:675 0.02306941649993959
com.google.javascript.jscomp.parsing.IRFactory:283 0.01504823163572115
com.google.javascript.jscomp.parsing.IRFactory:285 0.01504823163572115
com.google.javascript.jscomp.parsing.IRFactory:284 0.01504823163572115
com.google.javascript.jscomp.TypeValidator:548 0.02307555769970229
com.google.javascript.jscomp.TypeValidator:543 0.02307555769970229
com.google.javascript.jscomp.TypeValidator:547 0.02307555769970229
com.google.javascript.jscomp.TypeValidator:544 0.02307555769970229
com.google.javascript.jscomp.TypeValidator:545 0.02307555769970229
com.google.javascript.jscomp.InferJSDocInfo:136 0.03090485136077065
com.google.javascript.jscomp.TypeInference:495 0.021124141684149264
com.google.javascript.jscomp.TypeInference:496 0.021124141684149264
com.google.javascript.jscomp.TypedScopeCreator:1932 0.0
com.google.javascript.jscomp.TypeInferencePass:57 0.020161945963637795
com.google.javascript.jscomp.parsing.JsDocInfoParser:1148 0.01933834476267449
com.google.javascript.jscomp.parsing.JsDocInfoParser:1146 0.01933834476267449
com.google.javascript.jscomp.InferJSDocInfo:124 0.02074349534112556
com.google.javascript.rhino.jstype.JSType:255 0.01233159059167475
com.google.javascript.jscomp.BasicErrorManager:108 0.02656532141809275
com.google.javascript.rhino.Node:1869 0.012444705017786158
com.google.javascript.jscomp.parsing.IRFactory:781 0.0
com.google.javascript.jscomp.parsing.JsDocTokenStream:65 0.016572562308756485
com.google.javascript.jscomp.parsing.JsDocTokenStream:66 0.016572562308756485
com.google.javascript.jscomp.parsing.JsDocTokenStream:67 0.016572562308756485
com.google.javascript.jscomp.Compiler:1853 0.01264304343560434
com.google.javascript.jscomp.Compiler:1855 0.01264304343560434
com.google.javascript.jscomp.Compiler:1854 0.01264304343560434
com.google.javascript.rhino.jstype.JSType:426 0.01953661662911409
com.google.javascript.jscomp.TypedScopeCreator:751 0.0
com.google.javascript.jscomp.parsing.IRFactory:369 0.012515654358043972
com.google.javascript.jscomp.ControlFlowAnalysis:1027 0.0
com.google.javascript.jscomp.TypedScopeCreator:1935 0.0
com.google.javascript.jscomp.TypeValidator:266 0.021407828990149706
com.google.javascript.jscomp.InferJSDocInfo:129 0.020734575325515897
com.google.javascript.jscomp.InferJSDocInfo:128 0.020734575325515897
com.google.javascript.jscomp.BasicErrorManager:106 0.013101311113808021
com.google.javascript.jscomp.BasicErrorManager:107 0.026207120918047958
com.google.javascript.rhino.JSDocInfo:1258 0.02172373626518906
com.google.javascript.jscomp.parsing.JsDocTokenStream:61 0.016572562308756485
com.google.javascript.jscomp.parsing.IRFactory:367 0.012505863498094339
com.google.javascript.jscomp.parsing.IRFactory:368 0.012505863498094339
com.google.javascript.jscomp.parsing.JsDocInfoParser:1151 0.01964943729729648
com.google.javascript.jscomp.TypeInference:143 0.019837990021453852
com.google.javascript.jscomp.TypeInference:144 0.019837990021453852
com.google.javascript.jscomp.TypeInference:145 0.019837990021453852
com.google.javascript.jscomp.TypeInference:146 0.019837990021453852
com.google.javascript.jscomp.TypeInference:148 0.019837990021453852
com.google.javascript.jscomp.TypeInference:149 0.019837990021453852
com.google.javascript.rhino.jstype.PrototypeObjectType:139 0.020712325533373335
com.google.javascript.jscomp.LinkedFlowScope:87 0.019806834933486603
com.google.javascript.jscomp.TypedScopeCreator:750 0.0
com.google.javascript.jscomp.BasicErrorManager:105 0.013101311113808021
com.google.javascript.rhino.JSDocInfo:1259 0.02172373626518906
com.google.javascript.jscomp.PrepareAst:158 0.0
com.google.javascript.rhino.jstype.FunctionParamBuilder:80 0.01233159059167475
com.google.javascript.jscomp.TypeCheck:1809 0.020851441405707476
com.google.javascript.jscomp.parsing.IRFactory:372 0.0189729070599056
com.google.javascript.jscomp.ControlFlowAnalysis:1028 0.0
com.google.javascript.jscomp.TypedScopeCreator:1938 0.0
com.google.javascript.rhino.JSDocInfo:633 0.01705233720429863
com.google.javascript.jscomp.NodeUtil:3064 0.02082881368183567
com.google.javascript.jscomp.TypeInference:506 0.02030692330267238
com.google.javascript.rhino.jstype.FunctionParamBuilder:84 0.01233159059167475
com.google.javascript.rhino.Node:2267 0.016611387354627385
com.google.javascript.jscomp.InferJSDocInfo:108 0.020765845843612775
com.google.javascript.rhino.jstype.PrototypeObjectType:136 0.044065264923923174
com.google.javascript.jscomp.TypeCheck:1807 0.06788442333021306
com.google.javascript.jscomp.PrepareAst:154 0.0
com.google.javascript.jscomp.PrepareAst:155 0.0
com.google.javascript.jscomp.PrepareAst:156 0.0
com.google.javascript.rhino.Node:1138 0.018352485989660192
com.google.javascript.rhino.Node:1137 0.018352485989660192
com.google.javascript.jscomp.parsing.JsDocTokenStream:71 0.016574838603294898
com.google.javascript.jscomp.TypedScopeCreator:1860 0.0
com.google.javascript.rhino.JSDocInfo:632 0.01663205257599714
com.google.javascript.jscomp.TypedScopeCreator:1791 0.0
com.google.javascript.jscomp.InferJSDocInfo:121 0.020734575325515897
com.google.javascript.jscomp.InferJSDocInfo:120 0.020734575325515897
com.google.javascript.jscomp.TypeCheck:1802 0.020851441405707476
com.google.javascript.jscomp.TypeCheck:1801 0.020851441405707476
com.google.javascript.jscomp.TypeValidator:710 0.05652334189442215
com.google.javascript.rhino.Node:513 0.026252235637134264
com.google.javascript.jscomp.parsing.JsDocTokenStream:70 0.02012516524715244
com.google.javascript.jscomp.parsing.JsDocInfoParser:2279 0.016622858516380252
com.google.javascript.jscomp.parsing.JsDocInfoParser:2281 0.016622858516380252
com.google.javascript.jscomp.parsing.JsDocInfoParser:2280 0.016622858516380252
com.google.javascript.jscomp.BasicErrorManager:111 0.013101311113808021
com.google.javascript.rhino.jstype.FunctionParamBuilder:85 0.01233159059167475
com.google.javascript.jscomp.parsing.JsDocInfoParser:755 0.02329996062309982
com.google.javascript.jscomp.PrepareAst:152 0.0
com.google.javascript.jscomp.PrepareAst:153 0.0
com.google.javascript.rhino.jstype.PrototypeObjectType:133 0.020615270438818365
com.google.javascript.rhino.jstype.PrototypeObjectType:132 0.020615270438818365
com.google.javascript.rhino.jstype.FunctionType:222 0.021606790785072147
com.google.javascript.jscomp.TypedScopeCreator:754 0.0
com.google.javascript.jscomp.parsing.JsDocTokenStream:69 0.016574838603294898
com.google.javascript.jscomp.Compiler:1973 0.012534320519584096
com.google.javascript.jscomp.TypedScopeCreator:1858 0.0
com.google.javascript.jscomp.TypedScopeCreator:1792 0.0
com.google.javascript.jscomp.TypeInference:881 0.03479445003196105
com.google.javascript.jscomp.TypeInference:880 0.03479445003196105
com.google.javascript.jscomp.TypeInference:883 0.03479445003196105
com.google.javascript.jscomp.TypeInference:882 0.03479445003196105
com.google.javascript.jscomp.BasicErrorManager:110 0.026207120918047958
com.google.javascript.rhino.jstype.FunctionParamBuilder:146 0.01233159059167475
com.google.javascript.rhino.jstype.FunctionParamBuilder:147 0.01233159059167475
com.google.javascript.rhino.jstype.FunctionParamBuilder:87 0.01233159059167475
com.google.javascript.rhino.jstype.FunctionType:220 0.021606790785072147
com.google.javascript.rhino.jstype.FunctionType:221 0.021606790785072147
com.google.javascript.rhino.jstype.PrototypeObjectType:135 0.020619652471058063
com.google.javascript.rhino.jstype.PrototypeObjectType:134 0.020619652471058063
com.google.javascript.jscomp.NodeUtil:2861 0.01314765557117125
com.google.javascript.rhino.jstype.UnknownType:85 0.09759000729485333
com.google.javascript.jscomp.InferJSDocInfo:104 0.02067687437254168
com.google.javascript.jscomp.TypeInference:1092 0.02084690996125416
com.google.javascript.jscomp.TypeInference:1093 0.02084690996125416
com.google.javascript.jscomp.TypeInference:1096 0.02084690996125416
com.google.javascript.jscomp.TypeInference:1090 0.02084690996125416
com.google.javascript.jscomp.TypeInference:1091 0.02084690996125416
com.google.javascript.rhino.JSDocInfo:892 0.021471887546694362
com.google.javascript.jscomp.TypeValidator:243 0.021407828990149706
com.google.javascript.jscomp.ControlFlowAnalysis:673 0.01859198597837567
com.google.javascript.jscomp.DataFlowAnalysis:393 0.0
com.google.javascript.jscomp.DataFlowAnalysis:392 0.0
com.google.javascript.jscomp.parsing.JsDocTokenStream:85 0.01663205257599714
com.google.javascript.jscomp.parsing.JsDocTokenStream:84 0.01663205257599714
com.google.javascript.jscomp.parsing.JsDocTokenStream:87 0.01663205257599714
com.google.javascript.jscomp.parsing.JsDocTokenStream:86 0.01663205257599714
com.google.javascript.jscomp.TypeInference:110 0.019837990021453852
com.google.javascript.jscomp.TypeInference:108 0.019837990021453852
com.google.javascript.jscomp.NodeUtil:2864 0.012610831807632956
com.google.javascript.rhino.jstype.JSTypeRegistry:1238 0.01233159059167475
com.google.javascript.rhino.jstype.FunctionType:841 0.021427478217774167
com.google.javascript.jscomp.NodeUtil:2826 0.013876848237393777
com.google.javascript.rhino.JSDocInfo:894 0.021471887546694362
com.google.javascript.rhino.jstype.JSType:120 0.021030505843376807
com.google.javascript.jscomp.parsing.TypeSafeDispatcher:121 0.012505863498094339
com.google.javascript.jscomp.parsing.JsDocTokenStream:82 0.016634353475582883
com.google.javascript.jscomp.TypeInference:106 0.035555906726738896
com.google.javascript.jscomp.TypeInference:104 0.035555906726738896
com.google.javascript.rhino.jstype.JSType:292 0.04463218426774518
com.google.javascript.jscomp.graph.LinkedDirectedGraph:476 0.0
com.google.javascript.jscomp.graph.LinkedDirectedGraph:474 0.0
com.google.javascript.jscomp.graph.LinkedDirectedGraph:475 0.0
com.google.javascript.jscomp.graph.LinkedDirectedGraph:472 0.0
com.google.javascript.jscomp.graph.LinkedDirectedGraph:473 0.0
com.google.javascript.jscomp.TypeInference:100 0.035533452725935076
com.google.javascript.jscomp.TypeInference:99 0.035533452725935076
com.google.javascript.rhino.Node:1128 0.01990074380419978
com.google.javascript.rhino.Node:1129 0.01990074380419978
com.google.javascript.jscomp.graph.LinkedDirectedGraph:352 0.0
com.google.javascript.rhino.jstype.JSTypeRegistry:1239 0.01233159059167475
com.google.javascript.jscomp.TypeCheck:1779 0.021147746721890678
com.google.javascript.jscomp.parsing.IRFactory:1040 0.0
com.google.javascript.jscomp.parsing.JsDocTokenStream:81 0.01663205257599714
com.google.javascript.jscomp.parsing.JsDocTokenStream:80 0.01663205257599714
com.google.javascript.jscomp.parsing.JsDocTokenStream:72 0.016574838603294898
com.google.javascript.jscomp.NodeUtil:2860 0.012610831807632956
com.google.javascript.jscomp.TypeInference:98 0.019837990021453852
com.google.javascript.jscomp.TypedScopeCreator:1749 0.0
com.google.javascript.jscomp.TypedScopeCreator:1750 0.0
com.google.javascript.jscomp.TypedScopeCreator:1751 0.0
com.google.javascript.rhino.JSDocInfo:891 0.021471887546694362
com.google.javascript.rhino.JSDocInfo:890 0.021471887546694362
com.google.javascript.rhino.jstype.JSType:299 0.049690399499995326
com.google.javascript.jscomp.TypeCheck:1780 0.021157210918704518
com.google.javascript.jscomp.parsing.JsDocTokenStream:76 0.016574838603294898
com.google.javascript.jscomp.ClosureCodingConvention:46 0.012508798343090686
com.google.javascript.jscomp.ClosureCodingConvention:47 0.012508798343090686
com.google.javascript.jscomp.parsing.IRFactory:1044 0.0
com.google.javascript.jscomp.parsing.JsDocInfoParser:1731 0.019305882723026267
com.google.javascript.jscomp.CompilerInput:85 0.012659242088545833
com.google.javascript.jscomp.CompilerInput:84 0.012659242088545833
com.google.javascript.jscomp.parsing.JsDocTokenStream:99 0.07372097807744857
com.google.javascript.jscomp.parsing.TypeSafeDispatcher:161 0.015181167601174885
com.google.javascript.jscomp.DiagnosticGroupWarningsGuard:40 0.023695618019100723
com.google.javascript.jscomp.DataFlowAnalysis:397 0.0
com.google.javascript.jscomp.DataFlowAnalysis:396 0.0
com.google.javascript.jscomp.parsing.IRFactory:251 0.017584498711333246
com.google.javascript.jscomp.InferJSDocInfo:96 0.020641604625120283
com.google.javascript.jscomp.Scope:137 0.0
com.google.javascript.jscomp.Scope:136 0.0
com.google.javascript.jscomp.Scope:139 0.0
com.google.javascript.jscomp.Scope:138 0.0
com.google.javascript.jscomp.Scope:141 0.0
com.google.javascript.jscomp.Scope:140 0.0
com.google.javascript.jscomp.Scope:142 0.0
com.google.javascript.jscomp.Scope:123 0.0
com.google.javascript.jscomp.Scope:133 0.0
com.google.javascript.jscomp.Scope:132 0.0
com.google.javascript.jscomp.Scope:135 0.0
com.google.javascript.jscomp.Scope:134 0.0
com.google.javascript.jscomp.TypeCheck:355 0.020672455764868078
com.google.javascript.jscomp.ControlFlowAnalysis:296 0.018569533817705187
com.google.javascript.jscomp.parsing.JsDocInfoParser:1732 0.07412493166611012
com.google.javascript.jscomp.WarningsGuard:84 0.012554059619245156
com.google.javascript.jscomp.parsing.JsDocTokenStream:95 0.02039118475715464
com.google.javascript.jscomp.Scope:149 0.0
com.google.javascript.jscomp.TypeCheck:356 0.02124775914356676
com.google.javascript.rhino.jstype.FunctionType:838 0.021427478217774167
com.google.javascript.jscomp.DataFlowAnalysis:401 0.0
com.google.javascript.jscomp.DataFlowAnalysis:399 0.0
com.google.javascript.rhino.JSDocInfo:895 0.021471887546694362
com.google.javascript.rhino.JSDocInfo:896 0.021471887546694362
com.google.javascript.jscomp.InferJSDocInfo:99 0.02067687437254168
com.google.javascript.rhino.jstype.PrototypeObjectType:446 0.036935842757655886
com.google.javascript.rhino.jstype.ObjectType:662 0.0
com.google.javascript.rhino.jstype.ObjectType:663 0.0
com.google.javascript.jscomp.parsing.JsDocInfoParser:1734 0.019323896987207784
com.google.javascript.rhino.jstype.PrototypeObjectType:145 0.020712325533373335
com.google.javascript.jscomp.parsing.JsDocTokenStream:93 0.016597653257732305
com.google.javascript.jscomp.DataFlowAnalysis:395 0.0
com.google.javascript.jscomp.DataFlowAnalysis:394 0.0
com.google.javascript.rhino.jstype.JSType:93 0.0
com.google.javascript.jscomp.parsing.TypeSafeDispatcher:146 0.029297936765452382
com.google.javascript.jscomp.TypeCheck:358 0.020672455764868078
com.google.javascript.jscomp.TypeCheck:359 0.020672455764868078
com.google.javascript.jscomp.parsing.IRFactory:247 0.017579063848365748
com.google.javascript.rhino.jstype.PrototypeObjectType:445 0.01233159059167475
com.google.javascript.jscomp.parsing.JsDocTokenStream:92 0.016595367551840077
com.google.javascript.jscomp.ComposeWarningsGuard:59 0.0
com.google.javascript.jscomp.ComposeWarningsGuard:58 0.0
com.google.javascript.jscomp.ComposeWarningsGuard:57 0.0
com.google.javascript.jscomp.parsing.JsDocInfoParser:2251 0.016622858516380252
com.google.javascript.jscomp.TypeInference:1131 0.020824296970586242
com.google.javascript.jscomp.InferJSDocInfo:76 0.021214264175324345
com.google.javascript.jscomp.InferJSDocInfo:75 0.021214264175324345
com.google.javascript.jscomp.parsing.IRFactory:695 0.0
com.google.javascript.jscomp.parsing.IRFactory:696 0.0
com.google.javascript.jscomp.parsing.IRFactory:697 0.0
com.google.javascript.rhino.jstype.UnionTypeBuilder:167 0.01233159059167475
com.google.javascript.rhino.jstype.UnionTypeBuilder:172 0.01233159059167475
com.google.javascript.rhino.jstype.RecordType:122 0.125
com.google.javascript.rhino.jstype.PrototypeObjectType:457 0.01233159059167475
com.google.javascript.jscomp.TypeCheck:1157 0.022054054569561544
com.google.javascript.rhino.jstype.JSTypeRegistry:1456 0.19245008972987526
com.google.javascript.rhino.jstype.FunctionType:851 0.02306941649993959
com.google.javascript.rhino.JSDocInfoBuilder:270 0.021471887546694362
com.google.javascript.rhino.JSDocInfoBuilder:269 0.021471887546694362
com.google.javascript.jscomp.parsing.JsDocInfoParser:2172 0.021447181650183562
com.google.javascript.jscomp.ControlFlowAnalysis:145 0.018569533817705187
com.google.javascript.rhino.jstype.InstanceObjectType:82 0.01233159059167475
com.google.javascript.rhino.jstype.FunctionType:359 0.01233159059167475
com.google.javascript.rhino.jstype.UnionTypeBuilder:166 0.01233159059167475
com.google.javascript.jscomp.InferJSDocInfo:78 0.020641604625120283
com.google.javascript.rhino.jstype.ArrowType:164 0.02340181886004545
com.google.javascript.rhino.JSDocInfo:1429 0.02067687437254168
com.google.javascript.rhino.jstype.RecordType:275 0.19245008972987526
com.google.javascript.rhino.jstype.RecordType:274 0.19245008972987526
com.google.javascript.rhino.jstype.RecordType:273 0.19245008972987526
com.google.javascript.rhino.jstype.RecordType:272 0.19245008972987526
com.google.javascript.jscomp.parsing.JsDocInfoParser:933 0.020523888315214546
com.google.javascript.jscomp.parsing.JsDocInfoParser:932 0.020523888315214546
com.google.javascript.jscomp.TypeInference:1134 0.020824296970586242
com.google.javascript.jscomp.TypeInference:1132 0.020824296970586242
com.google.javascript.jscomp.TypeInference:1133 0.020824296970586242
com.google.javascript.jscomp.ChainableReverseAbstractInterpreter:180 0.0
com.google.javascript.rhino.jstype.PrototypeObjectType:458 0.14285714285714285
com.google.javascript.rhino.jstype.JSTypeRegistry:1460 0.021889647878295008
com.google.javascript.jscomp.InferJSDocInfo:79 0.020641604625120283
com.google.javascript.jscomp.InferJSDocInfo:80 0.020641604625120283
com.google.javascript.jscomp.parsing.JsDocInfoParser:2250 0.016622858516380252
com.google.javascript.jscomp.parsing.IRFactory:687 0.0
com.google.javascript.jscomp.parsing.IRFactory:685 0.0
com.google.javascript.jscomp.parsing.IRFactory:688 0.0
com.google.javascript.rhino.jstype.UnionType:190 0.0657951694959769
com.google.javascript.rhino.jstype.UnionType:189 0.0657951694959769
com.google.javascript.jscomp.TypeInference:1135 0.07312724241271307
com.google.javascript.jscomp.GoogleCodingConvention:130 0.018242223059788013
com.google.javascript.rhino.JSDocInfo:1430 0.026707054531881675
com.google.javascript.rhino.jstype.RecordType:279 0.19245008972987526
com.google.javascript.jscomp.JSError:161 0.02716629124620806
com.google.javascript.jscomp.Compiler:1219 0.019830187468537895
com.google.javascript.rhino.jstype.RecordTypeBuilder:106 0.0
com.google.javascript.rhino.jstype.PrototypeObjectType:450 0.01233159059167475
com.google.javascript.rhino.JSDocInfoBuilder:267 0.021466939537054593
com.google.javascript.jscomp.ComposeWarningsGuard:64 0.0
com.google.javascript.jscomp.ComposeWarningsGuard:63 0.0
com.google.javascript.rhino.jstype.UnionType:434 0.06868028197434452
com.google.javascript.jscomp.InferJSDocInfo:82 0.020641604625120283
com.google.javascript.jscomp.JoinOp:33 0.0
com.google.javascript.jscomp.parsing.IRFactory:684 0.0
com.google.javascript.rhino.JSDocInfo:459 0.01805101203579608
com.google.javascript.jscomp.parsing.JsDocInfoParser:929 0.020523888315214546
com.google.javascript.jscomp.TypeInference:1138 0.020824296970586242
com.google.javascript.rhino.jstype.RecordType:278 0.19245008972987526
com.google.javascript.rhino.JSDocInfo:1432 0.02179068168202045
com.google.javascript.rhino.JSDocInfoBuilder:963 0.0200320770053751
com.google.javascript.rhino.JSDocInfo:1003 0.020315302475012738
com.google.javascript.rhino.JSDocInfo:1002 0.020315302475012738
com.google.javascript.jscomp.NodeTraversal:133 0.0
com.google.javascript.rhino.jstype.JSTypeRegistry:1454 0.02017014687752732
com.google.javascript.rhino.jstype.PrototypeObjectType:453 0.021354071087949105
com.google.javascript.rhino.Node:2335 0.017560081436822507
com.google.javascript.rhino.jstype.UnionType:432 0.06537204504606134
com.google.javascript.rhino.jstype.UnionType:433 0.06537204504606134
com.google.javascript.rhino.jstype.JSType:386 0.021561540911771697
com.google.javascript.jscomp.parsing.IRFactory:322 0.012505863498094339
com.google.javascript.jscomp.parsing.IRFactory:320 0.012505863498094339
com.google.javascript.jscomp.parsing.IRFactory:319 0.012505863498094339
com.google.javascript.jscomp.parsing.IRFactory:321 0.012505863498094339
com.google.javascript.jscomp.parsing.IRFactory:318 0.012505863498094339
com.google.javascript.jscomp.DataFlowAnalysis:443 0.0
com.google.javascript.jscomp.DataFlowAnalysis:444 0.0
com.google.javascript.jscomp.DataFlowAnalysis:445 0.0
com.google.javascript.jscomp.DataFlowAnalysis:446 0.0
com.google.javascript.rhino.jstype.FunctionType:363 0.01233159059167475
com.google.javascript.rhino.jstype.UnknownType:59 0.01233159059167475
com.google.javascript.rhino.jstype.UnknownType:61 0.01233159059167475
com.google.javascript.rhino.jstype.UnknownType:60 0.01233159059167475
com.google.javascript.jscomp.ControlFlowAnalysis:277 0.018735003362699218
com.google.javascript.jscomp.ComposeWarningsGuard:70 0.0
com.google.javascript.jscomp.TypeInference:805 0.032791291789197645
com.google.javascript.jscomp.TypeInference:801 0.032791291789197645
com.google.javascript.jscomp.TypeInference:802 0.032791291789197645
com.google.javascript.jscomp.TypeInference:803 0.032791291789197645
com.google.javascript.jscomp.Compiler:1216 0.019830187468537895
com.google.javascript.rhino.jstype.PrototypeObjectType:465 0.01233159059167475
com.google.javascript.jscomp.TypeInference:426 0.03724194613619294
com.google.javascript.jscomp.TypeCheck:1571 0.0335012605086404
com.google.javascript.rhino.jstype.FunctionType:366 0.01233159059167475
com.google.javascript.rhino.jstype.FunctionType:367 0.01233159059167475
com.google.javascript.jscomp.parsing.JsDocInfoParser:918 0.016636655330361162
com.google.javascript.jscomp.parsing.JsDocInfoParser:917 0.016636655330361162
com.google.javascript.jscomp.parsing.IRFactory:314 0.012505863498094339
com.google.javascript.rhino.Node:445 0.0187054813220765
com.google.javascript.rhino.Node:449 0.0187054813220765
com.google.javascript.rhino.Node:446 0.0187054813220765
com.google.javascript.rhino.Node:448 0.0187054813220765
com.google.javascript.rhino.Node:447 0.0187054813220765
com.google.javascript.jscomp.ComposeWarningsGuard:65 0.0
com.google.javascript.rhino.jstype.JSTypeRegistry:1474 0.02315584223237446
com.google.javascript.jscomp.TypeCheck:1574 0.03492151478847891
com.google.javascript.jscomp.TypeCheck:1575 0.03492151478847891
com.google.javascript.jscomp.TypeCheck:1572 0.03492151478847891
com.google.javascript.jscomp.TypeCheck:1576 0.03492151478847891
com.google.javascript.rhino.jstype.ArrowType:157 0.02350502473611342
com.google.javascript.jscomp.TypeInference:431 0.03649051825844134
com.google.javascript.jscomp.Compiler:1217 0.019830187468537895
com.google.javascript.rhino.jstype.PrototypeObjectType:466 0.01233159059167475
com.google.javascript.rhino.jstype.UnionTypeBuilder:181 0.01233159059167475
com.google.javascript.rhino.jstype.ArrowType:161 0.02350502473611342
com.google.javascript.jscomp.TypedScopeCreator:171 0.0
com.google.javascript.jscomp.TypedScopeCreator:170 0.0
com.google.javascript.rhino.jstype.PrototypeObjectType:440 0.01233159059167475
com.google.javascript.jscomp.parsing.JsDocInfoParser:2317 0.01755737468051559
com.google.javascript.jscomp.JSModule:51 0.013408633111818826
com.google.javascript.jscomp.JSModule:64 0.013408633111818826
com.google.javascript.jscomp.JSModule:63 0.013408633111818826
com.google.javascript.jscomp.JSModule:65 0.013408633111818826
com.google.javascript.jscomp.JSModule:54 0.013408633111818826
com.google.javascript.jscomp.JSModule:62 0.013408633111818826
com.google.javascript.jscomp.TypeInference:806 0.03309516961607476
com.google.javascript.rhino.Node:156 0.0
com.google.javascript.rhino.Node:157 0.0
com.google.javascript.rhino.Node:158 0.0
com.google.javascript.jscomp.ClosureCodingConvention:76 0.028194193721730047
com.google.javascript.jscomp.ClosureCodingConvention:77 0.028194193721730047
com.google.javascript.jscomp.ClosureCodingConvention:78 0.028194193721730047
com.google.javascript.rhino.jstype.PrototypeObjectType:464 0.01233159059167475
com.google.javascript.jscomp.parsing.IRFactory:324 0.012505863498094339
com.google.javascript.jscomp.TypeCheck:1584 0.03492151478847891
com.google.javascript.jscomp.parsing.JsDocInfoParser:914 0.016636655330361162
com.google.javascript.jscomp.TypeInference:87 0.019837990021453852
com.google.javascript.jscomp.TypeInference:86 0.019837990021453852
com.google.javascript.jscomp.TypeInference:96 0.019837990021453852
com.google.javascript.jscomp.TypeInference:92 0.019837990021453852
com.google.javascript.jscomp.TypeInference:89 0.019837990021453852
com.google.javascript.jscomp.TypeInference:88 0.019837990021453852
com.google.javascript.jscomp.TypeInference:91 0.019837990021453852
com.google.javascript.jscomp.TypeInference:90 0.019837990021453852
com.google.javascript.rhino.jstype.PrototypeObjectType:541 0.01932750589507139
com.google.javascript.rhino.jstype.PrototypeObjectType:543 0.01932750589507139
com.google.javascript.rhino.jstype.PrototypeObjectType:544 0.01932750589507139
com.google.javascript.jscomp.TypeCheck:1578 0.03904344047215152
com.google.javascript.rhino.jstype.PrototypeObjectType:545 0.01932750589507139
com.google.javascript.jscomp.NodeTraversal:655 0.01262892050706804
com.google.javascript.jscomp.NodeTraversal:654 0.01262892050706804
com.google.javascript.rhino.JSDocInfoBuilder:102 0.016636655330361162
com.google.javascript.rhino.jstype.JSTypeRegistry:1314 0.07856742013183861
com.google.javascript.rhino.jstype.UnionTypeBuilder:142 0.022697981217836876
com.google.javascript.jscomp.DataFlowAnalysis:447 0.0
com.google.javascript.rhino.JSTypeExpression:93 0.021832187779978623
com.google.javascript.jscomp.Compiler:1902 0.012620871481070599
com.google.javascript.jscomp.TypeInference:566 0.022450662753346864
com.google.javascript.jscomp.TypeInference:568 0.022450662753346864
com.google.javascript.jscomp.JsAst:104 0.012630935170956915
com.google.javascript.jscomp.JsAst:105 0.012630935170956915
com.google.javascript.jscomp.TypedScopeCreator:1762 0.0
com.google.javascript.jscomp.TypedScopeCreator:1764 0.0
com.google.javascript.rhino.jstype.UnionType:425 0.06415002990995841
com.google.javascript.jscomp.CompilerInput:94 0.012659242088545833
com.google.javascript.jscomp.TypeValidator:498 0.022941573387056175
com.google.javascript.rhino.jstype.PrototypeObjectType:548 0.01932750589507139
com.google.javascript.rhino.jstype.UnionTypeBuilder:139 0.022697981217836876
com.google.javascript.rhino.jstype.UnionTypeBuilder:141 0.022697981217836876
com.google.javascript.rhino.jstype.UnionTypeBuilder:140 0.022697981217836876
com.google.javascript.jscomp.parsing.IRFactory:674 0.0
com.google.javascript.jscomp.parsing.JsDocInfoParser:907 0.020088585092257694
com.google.javascript.jscomp.parsing.JsDocInfoParser:906 0.020088585092257694
com.google.javascript.jscomp.JSError:166 0.02716629124620806
com.google.javascript.rhino.jstype.PrototypeObjectType:217 0.020472212475808573
com.google.javascript.rhino.jstype.JSTypeRegistry:1492 0.06085806194501846
com.google.javascript.rhino.jstype.JSTypeRegistry:1491 0.06085806194501846
com.google.javascript.rhino.jstype.RecordType:203 0.13245323570650439
com.google.javascript.jscomp.parsing.IRFactory:669 0.0
com.google.javascript.jscomp.parsing.IRFactory:673 0.0
com.google.javascript.jscomp.TypedScopeCreator:446 0.0
com.google.javascript.jscomp.TypedScopeCreator:447 0.0
com.google.javascript.jscomp.parsing.JsDocInfoParser:891 0.02051956704170308
com.google.javascript.jscomp.ChainableReverseAbstractInterpreter:257 0.01966082717592504
com.google.javascript.jscomp.ChainableReverseAbstractInterpreter:64 0.01966082717592504
com.google.javascript.jscomp.ChainableReverseAbstractInterpreter:65 0.01966082717592504
com.google.javascript.jscomp.ChainableReverseAbstractInterpreter:66 0.01966082717592504
com.google.javascript.jscomp.ChainableReverseAbstractInterpreter:67 0.01966082717592504
com.google.javascript.jscomp.ChainableReverseAbstractInterpreter:179 0.01966082717592504
com.google.javascript.jscomp.ChainableReverseAbstractInterpreter:63 0.01966082717592504
com.google.javascript.jscomp.ChainableReverseAbstractInterpreter:62 0.01966082717592504
com.google.javascript.jscomp.ChainableReverseAbstractInterpreter:61 0.01966082717592504
com.google.javascript.rhino.jstype.JSType:303 0.020947289622255394
com.google.javascript.rhino.jstype.ObjectType:637 0.0
com.google.javascript.jscomp.DiagnosticGroupWarningsGuard:45 0.017699808135119715
com.google.javascript.rhino.JSDocInfo:1248 0.02121903947401743
com.google.javascript.jscomp.TypeValidator:398 0.027874733666903025
com.google.javascript.jscomp.parsing.JsDocInfoParser:1160 0.019414730885301035
com.google.javascript.jscomp.parsing.JsDocInfoParser:1162 0.019414730885301035
com.google.javascript.jscomp.parsing.JsDocInfoParser:1159 0.019414730885301035
com.google.javascript.jscomp.TypeInference:571 0.022450662753346864
com.google.javascript.jscomp.TypeValidator:426 0.04490132550669373
com.google.javascript.jscomp.TypeCheck:1307 0.021407828990149706
com.google.javascript.jscomp.TypeCheck:1306 0.021407828990149706
com.google.javascript.jscomp.parsing.JsDocInfoParser:1166 0.01933834476267449
com.google.javascript.jscomp.CodingConventions:160 0.0
com.google.javascript.rhino.jstype.UnionTypeBuilder:143 0.01233159059167475
com.google.javascript.rhino.jstype.PrototypeObjectType:550 0.019634281539316643
com.google.javascript.rhino.jstype.PrototypeObjectType:549 0.019634281539316643
com.google.javascript.jscomp.TypeCheck:1602 0.03492151478847891
com.google.javascript.jscomp.TypeCheck:1603 0.03492151478847891
com.google.javascript.jscomp.TypeCheck:1604 0.03492151478847891
com.google.javascript.jscomp.SyntacticScopeCreator:191 0.0
com.google.javascript.rhino.jstype.JSTypeRegistry:1484 0.02280396458583536
com.google.javascript.jscomp.JsAst:99 0.01264304343560434
com.google.javascript.jscomp.NodeUtil:3004 0.014180474733371392
com.google.javascript.jscomp.NodeUtil:3005 0.014180474733371392
com.google.javascript.jscomp.ClosureCodingConvention:304 0.032879797461071454
com.google.javascript.jscomp.TypeInference:569 0.022450662753346864
com.google.javascript.rhino.jstype.PrototypeObjectType:213 0.02042518425514167
com.google.javascript.rhino.jstype.PrototypeObjectType:214 0.02042518425514167
com.google.javascript.rhino.jstype.UnionTypeBuilder:150 0.01233159059167475
com.google.javascript.jscomp.TypeCheck:476 0.020865053489458874
com.google.javascript.jscomp.TypedScopeCreator:1941 0.0
com.google.javascript.rhino.jstype.PrototypeObjectType:551 0.01932750589507139
com.google.javascript.rhino.jstype.PrototypeObjectType:205 0.021286234067143354
com.google.javascript.rhino.jstype.PrototypeObjectType:204 0.021286234067143354
com.google.javascript.jscomp.TypeValidator:420 0.08111071056538127
com.google.javascript.jscomp.TypeCheck:1824 0.021233384741779292
com.google.javascript.jscomp.TypeCheck:1825 0.021233384741779292
com.google.javascript.rhino.jstype.JSTypeRegistry:1497 0.06085806194501846
com.google.javascript.jscomp.JsAst:95 0.012630935170956915
com.google.javascript.jscomp.NodeUtil:3006 0.014183327086761071
com.google.javascript.jscomp.NodeUtil:3007 0.014183327086761071
com.google.javascript.rhino.jstype.ArrowType:170 0.02340181886004545
com.google.javascript.rhino.jstype.PrototypeObjectType:475 0.01233159059167475
com.google.javascript.rhino.jstype.UnionType:191 0.0657951694959769
com.google.javascript.jscomp.FunctionTypeBuilder:532 0.02184260141652595
com.google.javascript.jscomp.parsing.JsDocTokenStream:393 0.016588516095874008
com.google.javascript.jscomp.LinkedFlowScope:486 0.0
com.google.javascript.jscomp.TypedScopeCreator:394 0.0
com.google.javascript.jscomp.TypedScopeCreator:352 0.0
com.google.javascript.jscomp.TypedScopeCreator:353 0.0
com.google.javascript.rhino.JSDocInfoBuilder:79 0.016634353475582883
com.google.javascript.jscomp.TypeValidator:419 0.04490132550669373
com.google.javascript.jscomp.TypeValidator:388 0.026037782196164774
com.google.javascript.jscomp.ClosureCodingConvention:300 0.032791291789197645
com.google.javascript.jscomp.ClosureCodingConvention:301 0.032791291789197645
com.google.javascript.jscomp.ClosureCodingConvention:302 0.032791291789197645
com.google.javascript.jscomp.TypeCheck:1594 0.03492151478847891
com.google.javascript.jscomp.parsing.JsDocInfoParser:1158 0.01933834476267449
com.google.javascript.jscomp.parsing.IRFactory:1301 0.0132302450416222
com.google.javascript.jscomp.TypedScopeCreator:1773 0.0
com.google.javascript.rhino.jstype.NumberType:117 0.023143436208321693
com.google.javascript.jscomp.LinkedFlowScope:83 0.019622937706955574
com.google.javascript.jscomp.LinkedFlowScope:82 0.019622937706955574
com.google.javascript.jscomp.TypedScopeCreator:1945 0.0
com.google.javascript.jscomp.LinkedFlowScope:240 0.0
com.google.javascript.jscomp.TypeCheck:468 0.020672455764868078
com.google.javascript.jscomp.TypeCheck:466 0.020672455764868078
com.google.javascript.jscomp.NodeTraversal:659 0.019837990021453852
com.google.javascript.rhino.jstype.PrototypeObjectType:208 0.021286234067143354
com.google.javascript.jscomp.JsAst:93 0.012630935170956915
com.google.javascript.jscomp.JsAst:85 0.012630935170956915
com.google.javascript.jscomp.JsAst:86 0.012630935170956915
com.google.javascript.jscomp.NodeUtil:3011 0.01423208196928594
com.google.javascript.jscomp.parsing.JsDocInfoParser:1154 0.01933834476267449
com.google.javascript.jscomp.DataFlowAnalysis:449 0.0
com.google.javascript.rhino.jstype.UnionType:195 0.06757373783994859
com.google.javascript.rhino.jstype.UnionType:194 0.06757373783994859
com.google.javascript.rhino.jstype.UnionTypeBuilder:165 0.01233159059167475
com.google.javascript.rhino.jstype.UnionTypeBuilder:164 0.01233159059167475
com.google.javascript.rhino.jstype.JSType:990 0.01233159059167475
com.google.javascript.rhino.jstype.UnionType:429 0.06523280730534423
com.google.javascript.jscomp.parsing.JsDocInfoParser:881 0.021466939537054593
com.google.javascript.jscomp.parsing.JsDocInfoParser:879 0.021466939537054593
com.google.javascript.jscomp.TypedScopeCreator:1942 0.0
com.google.javascript.jscomp.TypedScopeCreator:1943 0.0
com.google.javascript.jscomp.TypeCheck:470 0.020707884164064553
com.google.javascript.jscomp.TypeCheck:471 0.020707884164064553
com.google.javascript.rhino.JSDocInfoBuilder:82 0.016634353475582883
com.google.javascript.jscomp.parsing.IRFactory:1296 0.013639886789409469
com.google.javascript.jscomp.TypeValidator:492 0.022941573387056175
com.google.javascript.jscomp.TypeValidator:494 0.022941573387056175
com.google.javascript.jscomp.TypeValidator:491 0.022941573387056175
com.google.javascript.rhino.jstype.JSTypeRegistry:1494 0.06085806194501846
com.google.javascript.rhino.jstype.JSTypeRegistry:1493 0.06085806194501846
com.google.javascript.rhino.jstype.UnionType:196 0.06757373783994859
com.google.javascript.rhino.jstype.ErrorFunctionType:51 0.01233159059167475
com.google.javascript.rhino.jstype.ErrorFunctionType:73 0.01233159059167475
com.google.javascript.rhino.jstype.ErrorFunctionType:74 0.01233159059167475
com.google.javascript.jscomp.DataFlowAnalysis:448 0.0
com.google.javascript.rhino.jstype.JSTypeRegistry:1511 0.020290196015399928
com.google.javascript.jscomp.RhinoErrorReporter:32 0.01251957714590336
com.google.javascript.jscomp.TypeInference:927 0.046984098573493956
com.google.javascript.jscomp.TypeInference:924 0.046984098573493956
com.google.javascript.jscomp.TypeInference:925 0.046984098573493956
com.google.javascript.jscomp.TypeInference:922 0.046984098573493956
com.google.javascript.jscomp.TypeInference:923 0.046984098573493956
com.google.javascript.jscomp.TypeCheck:1176 0.02207016221959901
com.google.javascript.jscomp.parsing.Config:96 0.012126781251816649
com.google.javascript.jscomp.FunctionTypeBuilder:517 0.021863473472331304
com.google.javascript.rhino.jstype.UnionTypeBuilder:201 0.01233159059167475
com.google.javascript.jscomp.NodeUtil:3014 0.021339479988815996
com.google.javascript.rhino.JSDocInfo:613 0.01657939400769678
com.google.javascript.jscomp.Compiler:454 0.013424330557912196
com.google.javascript.jscomp.TypeValidator:518 0.022857516044124723
com.google.javascript.rhino.jstype.ArrowType:138 0.0236227795630767
com.google.javascript.jscomp.SuppressDocWarningsGuard:42 0.012536290240743358
com.google.javascript.jscomp.SuppressDocWarningsGuard:34 0.012536290240743358
com.google.javascript.jscomp.SuppressDocWarningsGuard:40 0.012536290240743358
com.google.javascript.jscomp.TypeInference:1398 0.02035313752533264
com.google.javascript.rhino.JSDocInfo:361 0.19245008972987526
com.google.javascript.rhino.JSDocInfo:362 0.19245008972987526
com.google.javascript.jscomp.parsing.JsDocTokenStream:404 0.01672016388516151
com.google.javascript.jscomp.FunctionTypeBuilder:531 0.02184260141652595
com.google.javascript.jscomp.FunctionTypeBuilder:516 0.021863473472331304
com.google.javascript.rhino.Node:454 0.020942695414584774
com.google.javascript.rhino.Node:453 0.020942695414584774
com.google.javascript.rhino.Node:452 0.020942695414584774
com.google.javascript.jscomp.TypeCheck:489 0.08574929257125441
com.google.javascript.jscomp.TypeCheck:490 0.08574929257125441
com.google.javascript.jscomp.CompilerInput:65 0.012654173322741616
com.google.javascript.jscomp.CompilerInput:66 0.012654173322741616
com.google.javascript.jscomp.NodeUtil:3013 0.01423208196928594
com.google.javascript.rhino.Node:2203 0.03411955969674702
com.google.javascript.rhino.jstype.JSTypeRegistry:1193 0.01233159059167475
com.google.javascript.jscomp.parsing.Config:93 0.012126781251816649
com.google.javascript.jscomp.parsing.Config:94 0.012126781251816649
com.google.javascript.rhino.Node:505 0.01830630064845531
com.google.javascript.jscomp.SemanticReverseAbstractInterpreter:106 0.0
com.google.javascript.jscomp.Compiler:453 0.013424330557912196
com.google.javascript.jscomp.Compiler:452 0.013424330557912196
com.google.javascript.rhino.jstype.FunctionBuilder:64 0.01233159059167475
com.google.javascript.rhino.jstype.FunctionBuilder:55 0.01233159059167475
com.google.javascript.rhino.jstype.FunctionBuilder:65 0.01233159059167475
com.google.javascript.rhino.jstype.FunctionBuilder:54 0.01233159059167475
com.google.javascript.rhino.jstype.FunctionBuilder:66 0.01233159059167475
com.google.javascript.rhino.jstype.FunctionBuilder:59 0.01233159059167475
com.google.javascript.rhino.jstype.FunctionBuilder:58 0.01233159059167475
com.google.javascript.rhino.jstype.FunctionBuilder:57 0.01233159059167475
com.google.javascript.rhino.jstype.FunctionBuilder:56 0.01233159059167475
com.google.javascript.rhino.jstype.FunctionBuilder:62 0.01233159059167475
com.google.javascript.rhino.jstype.FunctionBuilder:61 0.01233159059167475
com.google.javascript.rhino.jstype.FunctionBuilder:60 0.01233159059167475
com.google.javascript.jscomp.FunctionTypeBuilder:820 0.0
com.google.javascript.jscomp.FunctionTypeBuilder:825 0.0
com.google.javascript.jscomp.FunctionTypeBuilder:824 0.0
com.google.javascript.jscomp.FunctionTypeBuilder:826 0.0
com.google.javascript.rhino.jstype.JSType:526 0.038778336716474064
com.google.javascript.jscomp.ControlFlowAnalysis:909 0.018640373288397023
com.google.javascript.rhino.jstype.JSTypeRegistry:1508 0.020290196015399928
com.google.javascript.rhino.jstype.JSTypeRegistry:1506 0.020290196015399928
com.google.javascript.jscomp.TypeCheck:1177 0.02207016221959901
com.google.javascript.rhino.jstype.UnionTypeBuilder:202 0.01233159059167475
com.google.javascript.jscomp.parsing.JsDocInfoParser:865 0.021152477232345077
com.google.javascript.jscomp.parsing.JsDocTokenStream:311 0.016574838603294898
com.google.javascript.rhino.jstype.StringType:54 0.01233159059167475
com.google.javascript.rhino.jstype.StringType:53 0.01233159059167475
com.google.javascript.jscomp.TypedScopeCreator:1336 0.0
com.google.javascript.jscomp.TypedScopeCreator:1334 0.0
com.google.javascript.jscomp.ComposeWarningsGuard:158 0.018059841095769247
com.google.javascript.rhino.jstype.FunctionType:1089 0.01233159059167475
com.google.javascript.jscomp.ComposeWarningsGuard:156 0.01766938894390387
com.google.javascript.rhino.jstype.JSType:524 0.021021210591721247
com.google.javascript.rhino.Node:1912 0.02228282589107932
com.google.javascript.jscomp.parsing.Config:92 0.012126781251816649
com.google.javascript.jscomp.parsing.Config:90 0.012126781251816649
com.google.javascript.rhino.jstype.UnionTypeBuilder:205 0.01233159059167475
com.google.javascript.rhino.jstype.UnionTypeBuilder:207 0.01233159059167475
com.google.javascript.rhino.jstype.UnionTypeBuilder:206 0.01233159059167475
com.google.javascript.jscomp.TypeCheck:479 0.020865053489458874
com.google.javascript.jscomp.TypeCheck:481 0.020865053489458874
com.google.javascript.jscomp.NodeUtil:3015 0.014233523557739299
com.google.javascript.jscomp.graph.DiGraph:99 0.018566333001716968
com.google.javascript.rhino.jstype.PrototypeObjectType:506 0.01233159059167475
com.google.javascript.rhino.jstype.UnionTypeBuilder:71 0.01233159059167475
com.google.javascript.rhino.jstype.UnionTypeBuilder:98 0.01233159059167475
com.google.javascript.rhino.jstype.UnionTypeBuilder:95 0.01233159059167475
com.google.javascript.rhino.jstype.UnionTypeBuilder:106 0.01233159059167475
com.google.javascript.rhino.jstype.UnionTypeBuilder:72 0.01233159059167475
com.google.javascript.rhino.jstype.UnionTypeBuilder:107 0.01233159059167475
com.google.javascript.rhino.jstype.UnionTypeBuilder:73 0.01233159059167475
com.google.javascript.rhino.jstype.UnionTypeBuilder:104 0.01233159059167475
com.google.javascript.rhino.jstype.UnionTypeBuilder:74 0.01233159059167475
com.google.javascript.rhino.jstype.UnionTypeBuilder:105 0.01233159059167475
com.google.javascript.jscomp.TypeCheck:1611 0.0335012605086404
com.google.javascript.rhino.jstype.PrototypeObjectType:490 0.01233159059167475
com.google.javascript.rhino.Node:1392 0.014288630630398279
com.google.javascript.jscomp.parsing.IRFactory:767 0.0
com.google.javascript.rhino.jstype.InstanceObjectType:89 0.012984823118860329
com.google.javascript.jscomp.TypeCheck:1172 0.02207016221959901
com.google.javascript.jscomp.TypeCheck:1173 0.02207016221959901
com.google.javascript.jscomp.parsing.JsDocInfoParser:952 0.016634353475582883
com.google.javascript.rhino.jstype.JSType:416 0.01233159059167475
com.google.javascript.jscomp.parsing.JsDocTokenStream:411 0.01672016388516151
com.google.javascript.jscomp.parsing.JsDocTokenStream:415 0.01672016388516151
com.google.javascript.jscomp.parsing.JsDocTokenStream:412 0.01672016388516151
com.google.javascript.rhino.Node:795 0.011852801414720117
com.google.javascript.jscomp.parsing.JsDocInfoParser:858 0.021143019383791626
com.google.javascript.rhino.jstype.FunctionType:270 0.023479095302146476
com.google.javascript.jscomp.TypeCheck:507 0.02121903947401743
com.google.javascript.jscomp.NodeUtil:3018 0.016230686829029888
com.google.javascript.rhino.jstype.JSType:409 0.01233159059167475
com.google.javascript.rhino.jstype.ArrowType:129 0.02350502473611342
com.google.javascript.jscomp.ControlFlowAnalysis:919 0.019202384316064216
com.google.javascript.jscomp.TypeCheck:1605 0.09712858623572641
com.google.javascript.jscomp.ComposeWarningsGuard:153 0.01766938894390387
com.google.javascript.rhino.jstype.UnionTypeBuilder:211 0.01233159059167475
com.google.javascript.rhino.jstype.InstanceObjectType:88 0.012984823118860329
com.google.javascript.jscomp.parsing.JsDocTokenStream:416 0.01672016388516151
com.google.javascript.jscomp.NodeUtil:3017 0.014233523557739299
com.google.javascript.jscomp.TypeCheck:506 0.0211999576001272
com.google.javascript.jscomp.FunctionTypeBuilder:528 0.023363465675799888
com.google.javascript.jscomp.ControlFlowAnalysis:923 0.018653340506165916
com.google.javascript.jscomp.ComposeWarningsGuard:152 0.013758139056883268
com.google.javascript.rhino.jstype.JSTypeRegistry:1513 0.021349204063136496
com.google.javascript.rhino.jstype.JSTypeRegistry:1514 0.021349204063136496
com.google.javascript.rhino.jstype.PrototypeObjectType:484 0.01233159059167475
com.google.javascript.jscomp.parsing.IRFactory:773 0.0
com.google.javascript.jscomp.CompilerInput:327 0.01341707873570771
com.google.javascript.jscomp.CompilerInput:325 0.01341707873570771
com.google.javascript.jscomp.CompilerInput:328 0.01341707873570771
com.google.javascript.rhino.jstype.InstanceObjectType:92 0.012984823118860329
com.google.javascript.rhino.jstype.ArrowType:132 0.02350502473611342
com.google.javascript.jscomp.TypeCheck:501 0.03411955969674702
com.google.javascript.jscomp.TypeCheck:502 0.03411955969674702
com.google.javascript.rhino.jstype.JSType:281 0.01233159059167475
com.google.javascript.jscomp.NodeUtil:3019 0.014595818604994154
com.google.javascript.jscomp.FunctionTypeBuilder:527 0.02182178902359924
com.google.javascript.jscomp.TypeInference:937 0.046984098573493956
com.google.javascript.jscomp.TypeInference:936 0.046984098573493956
com.google.javascript.jscomp.TypeValidator:528 0.022857516044124723
com.google.javascript.jscomp.Compiler:806 0.0
com.google.javascript.rhino.Node:2279 0.051708768999501914
com.google.javascript.jscomp.ComposeWarningsGuard:150 0.012536290240743358
com.google.javascript.jscomp.ComposeWarningsGuard:151 0.012559008982583207
com.google.javascript.jscomp.TypeInference:938 0.036060922298730945
com.google.javascript.jscomp.parsing.JsDocInfoParser:849 0.01981850088223545
com.google.javascript.rhino.Node:822 0.012943424970158284
com.google.javascript.rhino.jstype.ArrowType:149 0.02350502473611342
com.google.javascript.jscomp.TypeInference:482 0.025424641809046068
com.google.javascript.jscomp.NodeUtil:3021 0.017384076178023157
com.google.javascript.jscomp.TypeCheck:1166 0.02206478908203439
com.google.javascript.rhino.Node:800 0.012138389675097902
com.google.javascript.rhino.Node:801 0.012138389675097902
com.google.javascript.jscomp.Compiler:1909 0.012615848648268866
com.google.javascript.jscomp.ControlFlowAnalysis:291 0.018572736289716184
com.google.javascript.jscomp.LinkedFlowScope:147 0.03295112031594684
com.google.javascript.rhino.jstype.JSType:688 0.03309516961607476
com.google.javascript.rhino.jstype.UnionTypeBuilder:183 0.01307776271171945
com.google.javascript.jscomp.ControlFlowAnalysis:924 0.01880776093110498
com.google.javascript.jscomp.FunctionTypeBuilder:541 0.02067687437254168
com.google.javascript.jscomp.FunctionTypeBuilder:542 0.02067687437254168
com.google.javascript.rhino.jstype.JSTypeRegistry:227 0.019830187468537895
com.google.javascript.rhino.jstype.ArrowType:150 0.023589892481053584
com.google.javascript.rhino.jstype.JSTypeRegistry:1532 0.021133574210488573
com.google.javascript.jscomp.TypeValidator:692 0.03971507353947688
com.google.javascript.jscomp.NodeUtil:3020 0.016493478118851056
com.google.javascript.rhino.Node:798 0.012634967392981724
com.google.javascript.jscomp.TypeCheck:1163 0.022054054569561544
com.google.javascript.jscomp.TypeCheck:1165 0.022054054569561544
com.google.javascript.jscomp.Scope:183 0.0
com.google.javascript.rhino.jstype.UnionTypeBuilder:184 0.01233159059167475
com.google.javascript.jscomp.Compiler:1136 0.013113696868991484
com.google.javascript.jscomp.parsing.JsDocInfoParser:843 0.019737269249541726
com.google.javascript.jscomp.parsing.JsDocInfoParser:845 0.019737269249541726
com.google.javascript.jscomp.FunctionTypeBuilder:540 0.02010075630518424
com.google.javascript.rhino.Node:775 0.01225081815226926
com.google.javascript.rhino.Node:778 0.01225081815226926
com.google.javascript.rhino.Node:777 0.01225081815226926
com.google.javascript.rhino.jstype.ArrowType:152 0.02350502473611342
com.google.javascript.rhino.Node:2295 0.012870321985377383
com.google.javascript.jscomp.TypeInference:466 0.02030692330267238
com.google.javascript.jscomp.TypeInference:465 0.02030692330267238
com.google.javascript.rhino.JSDocInfo:422 0.017817416127494958
com.google.javascript.rhino.Node:797 0.012135707849456652
com.google.javascript.rhino.JSDocInfo:1299 0.02004414573445789
com.google.javascript.rhino.JSDocInfo:1077 0.021412736228951155
com.google.javascript.jscomp.TypeCheck:1168 0.02205941986694528
com.google.javascript.rhino.jstype.JSTypeRegistry:1530 0.021349204063136496
com.google.javascript.jscomp.parsing.IRFactory:764 0.0
com.google.javascript.jscomp.LinkedFlowScope:151 0.020048173494115636
com.google.javascript.rhino.jstype.UnionTypeBuilder:186 0.023382618677247783
com.google.javascript.rhino.jstype.UnionTypeBuilder:188 0.023382618677247783
com.google.javascript.jscomp.parsing.IRFactory:1320 0.012505863498094339
com.google.javascript.jscomp.TypeInference:468 0.025424641809046068
com.google.javascript.jscomp.TypeInference:469 0.025424641809046068
com.google.javascript.jscomp.TypeInference:481 0.025424641809046068
com.google.javascript.rhino.Node:796 0.011852801414720117
com.google.javascript.jscomp.JsAst:69 0.012654173322741616
com.google.javascript.rhino.jstype.JSType:684 0.03210806495339678
com.google.javascript.jscomp.Compiler:465 0.013424330557912196
com.google.javascript.jscomp.parsing.IRFactory:765 0.0
com.google.javascript.jscomp.TypeCheck:510 0.06537204504606134
com.google.javascript.jscomp.TypeCheck:512 0.06537204504606134
com.google.javascript.jscomp.FunctionTypeBuilder:544 0.02010075630518424
com.google.javascript.jscomp.ControlFlowAnalysis:925 0.019298691110661625
com.google.javascript.rhino.Node:549 0.012355098163034813
com.google.javascript.rhino.JSDocInfo:1298 0.0200320770053751
com.google.javascript.rhino.Node:1846 0.0
com.google.javascript.jscomp.parsing.JsDocInfoParser:966 0.016634353475582883
com.google.javascript.jscomp.TypeCheck:1158 0.022054054569561544
com.google.javascript.rhino.Node:786 0.011852801414720117
com.google.javascript.jscomp.parsing.JsDocTokenStream:430 0.01672016388516151
com.google.javascript.jscomp.TypeInference:916 0.03479445003196105
com.google.javascript.jscomp.TypeInference:914 0.03479445003196105
com.google.javascript.jscomp.TypeInference:915 0.03479445003196105
com.google.javascript.rhino.jstype.UnionTypeBuilder:190 0.0233890134862494
com.google.javascript.jscomp.LinkedFlowScope:143 0.019834087593950483
com.google.javascript.rhino.jstype.JSType:523 0.020947289622255394
com.google.javascript.jscomp.Compiler:464 0.013424330557912196
com.google.javascript.jscomp.SuppressDocWarningsGuard:49 0.012536290240743358
com.google.javascript.jscomp.CodingConventions:232 0.0
com.google.javascript.jscomp.Compiler:463 0.013424330557912196
com.google.javascript.jscomp.Compiler:455 0.013424330557912196
com.google.javascript.jscomp.Compiler:462 0.013424330557912196
com.google.javascript.jscomp.Compiler:461 0.013424330557912196
com.google.javascript.jscomp.Compiler:456 0.013424330557912196
com.google.javascript.rhino.jstype.UnionTypeBuilder:197 0.01233159059167475
com.google.javascript.rhino.jstype.UnionTypeBuilder:196 0.01233159059167475
com.google.javascript.jscomp.graph.LinkedDirectedGraph:129 0.019255709562623336
com.google.javascript.jscomp.graph.LinkedDirectedGraph:130 0.019255709562623336
com.google.javascript.jscomp.graph.LinkedDirectedGraph:480 0.0
com.google.javascript.rhino.Node:784 0.012634967392981724
com.google.javascript.jscomp.ControlFlowAnalysis:928 0.021166687833365085
com.google.javascript.jscomp.parsing.JsDocInfoParser:837 0.019737269249541726
com.google.javascript.jscomp.LinkedFlowScope:144 0.03229168418603133
com.google.javascript.jscomp.SuppressDocWarningsGuard:43 0.012536290240743358
com.google.javascript.jscomp.SuppressDocWarningsGuard:48 0.012536290240743358
com.google.javascript.rhino.jstype.UnionType:85 0.01233159059167475
com.google.javascript.rhino.jstype.UnionType:84 0.01233159059167475
com.google.javascript.rhino.jstype.UnionType:83 0.01233159059167475
com.google.javascript.rhino.jstype.UnionType:82 0.01233159059167475
com.google.javascript.rhino.Node:804 0.012138389675097902
com.google.javascript.rhino.jstype.ArrowType:143 0.0236227795630767
com.google.javascript.rhino.Node:782 0.011852801414720117
com.google.javascript.rhino.Node:783 0.011852801414720117
com.google.javascript.jscomp.parsing.JsDocTokenStream:310 0.016574838603294898
com.google.javascript.rhino.jstype.UnionTypeBuilder:199 0.01233159059167475
com.google.javascript.jscomp.parsing.JsDocTokenStream:434 0.01672016388516151
com.google.javascript.jscomp.Compiler:1137 0.013113696868991484
com.google.javascript.jscomp.parsing.JsDocInfoParser:834 0.01975266493772476
com.google.javascript.jscomp.parsing.JsDocInfoParser:832 0.01975266493772476
com.google.javascript.jscomp.parsing.JsDocInfoParser:833 0.01975266493772476
com.google.javascript.jscomp.parsing.Config:100 0.012126781251816649
com.google.javascript.jscomp.LinkedFlowScope:71 0.019622937706955574
com.google.javascript.jscomp.LinkedFlowScope:72 0.019622937706955574
com.google.javascript.jscomp.LinkedFlowScope:73 0.019622937706955574
com.google.javascript.jscomp.LinkedFlowScope:145 0.03229168418603133
com.google.javascript.jscomp.NodeUtil:3028 0.0169759959366261
com.google.javascript.jscomp.TypeInference:917 0.04476614810358452
com.google.javascript.jscomp.InferJSDocInfo:74 0.020641604625120283
com.google.javascript.jscomp.LinkedFlowScope:57 0.019622937706955574
com.google.javascript.jscomp.LinkedFlowScope:64 0.019622937706955574
com.google.javascript.jscomp.LinkedFlowScope:65 0.019622937706955574
com.google.javascript.jscomp.LinkedFlowScope:66 0.019622937706955574
com.google.javascript.jscomp.TypeValidator:516 0.022857516044124723
com.google.javascript.jscomp.TypeValidator:517 0.022857516044124723
com.google.javascript.rhino.Node:802 0.012642033083308355
com.google.javascript.jscomp.TypeCheck:528 0.02127659574468085
com.google.javascript.jscomp.Compiler:934 0.013117080903335111
com.google.javascript.jscomp.Compiler:1139 0.013113696868991484
com.google.javascript.jscomp.Scope:59 0.01399320095610172
com.google.javascript.jscomp.Scope:391 0.01516893669935528
com.google.javascript.jscomp.Scope:390 0.01516893669935528
com.google.javascript.jscomp.parsing.Config:99 0.012126781251816649
com.google.javascript.rhino.jstype.PrototypeObjectType:522 0.01233159059167475
com.google.javascript.jscomp.parsing.JsDocInfoParser:60 0.0
com.google.javascript.jscomp.LinkedFlowScope:146 0.03272099955018442
com.google.javascript.jscomp.LinkedFlowScope:68 0.019622937706955574
com.google.javascript.jscomp.LinkedFlowScope:69 0.019622937706955574
com.google.javascript.jscomp.LinkedFlowScope:67 0.019622937706955574
com.google.javascript.jscomp.TypeInference:456 0.020824296970586242
com.google.javascript.jscomp.TypeInference:447 0.020824296970586242
com.google.javascript.jscomp.TypeInference:455 0.020824296970586242
com.google.javascript.jscomp.TypeInference:453 0.020824296970586242
com.google.javascript.jscomp.TypeInference:452 0.020824296970586242
com.google.javascript.jscomp.TypeInference:451 0.020824296970586242
com.google.javascript.jscomp.TypeInference:449 0.020824296970586242
com.google.javascript.jscomp.TypeInference:448 0.020824296970586242
com.google.javascript.jscomp.FunctionTypeBuilder:835 0.0
com.google.javascript.jscomp.NodeTraversal:511 0.013876848237393777
com.google.javascript.rhino.Node:1827 0.01466628860721083
com.google.javascript.rhino.jstype.ObjectType:505 0.02040816326530612
com.google.javascript.jscomp.TypedScopeCreator:1779 0.0
com.google.javascript.jscomp.TypedScopeCreator:1780 0.0
com.google.javascript.jscomp.TypedScopeCreator:1781 0.0
com.google.javascript.jscomp.TypeInference:660 0.03829197905337418
com.google.javascript.jscomp.TypeInference:661 0.03829197905337418
com.google.javascript.jscomp.parsing.IRFactory:384 0.0
com.google.javascript.jscomp.TypeInference:523 0.021291058142914557
com.google.javascript.jscomp.TypeCheck:366 0.021124141684149264
com.google.javascript.jscomp.PrepareAst:134 0.0
com.google.javascript.rhino.jstype.JSTypeRegistry:1621 0.19245008972987526
com.google.javascript.rhino.jstype.JSTypeRegistry:926 0.019830187468537895
com.google.javascript.jscomp.LinkedFlowScope:232 0.019802950859533486
com.google.javascript.jscomp.TypeCheck:1408 0.027451402562301407
com.google.javascript.jscomp.CodingConventions:223 0.0
com.google.javascript.rhino.jstype.ObjectType:617 0.0
com.google.javascript.rhino.jstype.JSType:103 0.01233159059167475
com.google.javascript.rhino.jstype.JSType:70 0.01233159059167475
com.google.javascript.rhino.jstype.JSType:71 0.01233159059167475
com.google.javascript.rhino.jstype.JSType:104 0.01233159059167475
com.google.javascript.rhino.jstype.JSType:105 0.01233159059167475
com.google.javascript.jscomp.TypeInference:651 0.05954913341754137
com.google.javascript.jscomp.TypeInference:650 0.03829197905337418
com.google.javascript.rhino.Node:2323 0.01664817895530067
com.google.javascript.rhino.jstype.ObjectType:508 0.01233159059167475
com.google.javascript.jscomp.TypeCheck:364 0.021124141684149264
com.google.javascript.jscomp.parsing.IRFactory:386 0.0
com.google.javascript.jscomp.parsing.IRFactory:385 0.0
com.google.javascript.jscomp.LinkedFlowScope:258 0.019802950859533486
com.google.javascript.jscomp.parsing.JsDocInfoParser:2166 0.020938104228425347
com.google.javascript.rhino.jstype.UnionType:93 0.021373572526796867
com.google.javascript.jscomp.NodeTraversal:129 0.0
com.google.javascript.jscomp.PrepareAst:132 0.0
com.google.javascript.rhino.jstype.JSTypeRegistry:1625 0.19245008972987526
com.google.javascript.rhino.jstype.JSTypeRegistry:1626 0.19245008972987526
com.google.javascript.rhino.jstype.JSTypeRegistry:1628 0.19245008972987526
com.google.javascript.jscomp.ControlFlowAnalysis:493 0.018569533817705187
com.google.javascript.jscomp.TypeCheck:1411 0.027451402562301407
com.google.javascript.jscomp.TypeCheck:1410 0.027451402562301407
com.google.javascript.jscomp.Compiler:204 0.01251957714590336
com.google.javascript.jscomp.Compiler:138 0.01251957714590336
com.google.javascript.jscomp.Compiler:201 0.01251957714590336
com.google.javascript.jscomp.Compiler:203 0.01251957714590336
com.google.javascript.jscomp.Compiler:202 0.01251957714590336
com.google.javascript.jscomp.Compiler:129 0.01251957714590336
com.google.javascript.jscomp.Compiler:110 0.01251957714590336
com.google.javascript.jscomp.Compiler:162 0.01251957714590336
com.google.javascript.jscomp.Compiler:132 0.01251957714590336
com.google.javascript.jscomp.Compiler:1876 0.01251957714590336
com.google.javascript.jscomp.Compiler:186 0.01251957714590336
com.google.javascript.jscomp.Compiler:85 0.01251957714590336
com.google.javascript.jscomp.Compiler:805 0.01251957714590336
com.google.javascript.jscomp.Compiler:87 0.01251957714590336
com.google.javascript.jscomp.Compiler:867 0.01251957714590336
com.google.javascript.jscomp.Compiler:1870 0.01251957714590336
com.google.javascript.jscomp.Compiler:868 0.01251957714590336
com.google.javascript.jscomp.Compiler:1868 0.01251957714590336
com.google.javascript.jscomp.Compiler:188 0.01251957714590336
com.google.javascript.jscomp.Compiler:158 0.01251957714590336
com.google.javascript.jscomp.Compiler:144 0.01251957714590336
com.google.javascript.jscomp.Compiler:147 0.01251957714590336
com.google.javascript.jscomp.Compiler:123 0.01251957714590336
com.google.javascript.jscomp.Compiler:1455 0.01251957714590336
com.google.javascript.jscomp.Compiler:150 0.01251957714590336
com.google.javascript.jscomp.TypeInference:665 0.03829197905337418
com.google.javascript.jscomp.parsing.IRFactory:387 0.0
com.google.javascript.jscomp.TypeInference:519 0.021124141684149264
com.google.javascript.rhino.jstype.UnionType:184 0.079555728417573
com.google.javascript.jscomp.LinkedFlowScope:259 0.019802950859533486
com.google.javascript.jscomp.LinkedFlowScope:260 0.019802950859533486
com.google.javascript.jscomp.FunctionTypeBuilder:353 0.02172373626518906
com.google.javascript.jscomp.graph.LinkedDirectedGraph:107 0.01741568361535407
com.google.javascript.jscomp.TypeInference:1148 0.02111472177657533
com.google.javascript.jscomp.TypeInference:1147 0.02111472177657533
com.google.javascript.jscomp.TypeCheck:1412 0.027503266206804603
com.google.javascript.jscomp.LinkedFlowScope:233 0.019802950859533486
com.google.javascript.jscomp.ControlFlowAnalysis:497 0.018569533817705187
com.google.javascript.jscomp.Compiler:300 0.012536290240743358
com.google.javascript.jscomp.Compiler:301 0.012536290240743358
com.google.javascript.rhino.jstype.JSTypeRegistry:932 0.019830187468537895
com.google.javascript.rhino.jstype.JSTypeRegistry:930 0.019830187468537895
com.google.javascript.jscomp.BasicErrorManager:123 0.0
com.google.javascript.jscomp.NodeTraversal:512 0.013876848237393777
com.google.javascript.jscomp.NodeTraversal:514 0.013876848237393777
com.google.javascript.jscomp.TypeInference:1146 0.02084690996125416
com.google.javascript.jscomp.TypeInference:1145 0.02084690996125416
com.google.javascript.jscomp.TypeInference:1144 0.02084690996125416
com.google.javascript.jscomp.PrepareAst:58 0.01264304343560434
com.google.javascript.jscomp.TypeCheck:363 0.021124141684149264
com.google.javascript.jscomp.TypeCheck:1416 0.027451402562301407
com.google.javascript.jscomp.TypeCheck:1415 0.027451402562301407
com.google.javascript.rhino.jstype.JSTypeRegistry:1617 0.19245008972987526
com.google.javascript.rhino.jstype.JSTypeRegistry:1620 0.19245008972987526
com.google.javascript.rhino.jstype.ObjectType:85 0.01233159059167475
com.google.javascript.rhino.jstype.ObjectType:86 0.01233159059167475
com.google.javascript.rhino.jstype.ObjectType:89 0.01233159059167475
com.google.javascript.rhino.jstype.ObjectType:90 0.01233159059167475
com.google.javascript.jscomp.BasicErrorManager:46 0.026020147394144395
com.google.javascript.jscomp.LinkedFlowScope:272 0.019806834933486603
com.google.javascript.jscomp.FunctionTypeBuilder:358 0.02067687437254168
com.google.javascript.jscomp.TypedScopeCreator:451 0.0
com.google.javascript.jscomp.FunctionTypeBuilder:406 0.02010075630518424
com.google.javascript.jscomp.TypeInference:516 0.021124141684149264
com.google.javascript.jscomp.TypeInference:512 0.021124141684149264
com.google.javascript.jscomp.TypeInference:513 0.021124141684149264
com.google.javascript.jscomp.TypeInference:514 0.021124141684149264
com.google.javascript.jscomp.Compiler:282 0.012536290240743358
com.google.javascript.jscomp.Compiler:281 0.012536290240743358
com.google.javascript.jscomp.Compiler:287 0.012536290240743358
com.google.javascript.jscomp.Compiler:294 0.012536290240743358
com.google.javascript.jscomp.Compiler:285 0.012536290240743358
com.google.javascript.jscomp.ControlFlowAnalysis:501 0.018569533817705187
com.google.javascript.rhino.jstype.JSTypeRegistry:936 0.019830187468537895
com.google.javascript.rhino.jstype.JSTypeRegistry:939 0.019830187468537895
com.google.javascript.rhino.jstype.JSTypeRegistry:938 0.019830187468537895
com.google.javascript.jscomp.TypeCheck:1400 0.02595870658255825
com.google.javascript.rhino.JSDocInfo:450 0.01790000349050102
com.google.javascript.jscomp.ControlFlowAnalysis:498 0.021349204063136496
com.google.javascript.rhino.jstype.PrototypeObjectType:157 0.019653231723767556
com.google.javascript.rhino.jstype.PrototypeObjectType:158 0.019653231723767556
com.google.javascript.jscomp.DataFlowAnalysis:128 0.019045028063583717
com.google.javascript.rhino.jstype.JSTypeRegistry:1638 0.19245008972987526
com.google.javascript.jscomp.PrepareAst:65 0.01264304343560434
com.google.javascript.jscomp.BasicErrorManager:47 0.026020147394144395
com.google.javascript.jscomp.LinkedFlowScope:273 0.019837990021453852
com.google.javascript.rhino.jstype.JSTypeRegistry:1643 0.19245008972987526
com.google.javascript.rhino.jstype.JSTypeRegistry:1645 0.19245008972987526
com.google.javascript.jscomp.ControlFlowAnalysis:502 0.018572736289716184
com.google.javascript.jscomp.RhinoErrorReporter:68 0.01251957714590336
com.google.javascript.jscomp.RhinoErrorReporter:69 0.01251957714590336
com.google.javascript.jscomp.TypeCheck:1405 0.02595870658255825
com.google.javascript.jscomp.TypeCheck:1401 0.02595870658255825
com.google.javascript.jscomp.TypeCheck:1403 0.02595870658255825
com.google.javascript.rhino.jstype.JSType:234 0.01233159059167475
com.google.javascript.jscomp.Compiler:296 0.018321656997643758
com.google.javascript.jscomp.parsing.JsDocInfoParser:1526 0.01964943729729648
com.google.javascript.jscomp.TypedScopeCreator:1323 0.0
com.google.javascript.jscomp.TypedScopeCreator:1325 0.0
com.google.javascript.jscomp.TypeCheck:372 0.021124141684149264
com.google.javascript.jscomp.TypeCheck:375 0.021124141684149264
com.google.javascript.jscomp.TypeCheck:369 0.021124141684149264
com.google.javascript.jscomp.TypeCheck:370 0.021124141684149264
com.google.javascript.jscomp.TypeCheck:367 0.021124141684149264
com.google.javascript.jscomp.TypeCheck:376 0.021124141684149264
com.google.javascript.jscomp.TypeCheck:378 0.021124141684149264
com.google.javascript.rhino.Node:1573 0.016831105696898524
com.google.javascript.jscomp.FunctionTypeBuilder:401 0.02010075630518424
com.google.javascript.jscomp.ControlFlowAnalysis:504 0.019687480773953943
com.google.javascript.jscomp.TypedScopeCreator:340 0.019830187468537895
com.google.javascript.jscomp.TypedScopeCreator:339 0.019830187468537895
com.google.javascript.jscomp.Compiler:274 0.012536290240743358
com.google.javascript.jscomp.CompilerOptions:1359 0.013379797308309913
com.google.javascript.jscomp.CompilerOptions:1361 0.013379797308309913
com.google.javascript.jscomp.CompilerOptions:1360 0.013379797308309913
com.google.javascript.rhino.jstype.PrototypeObjectType:153 0.019653231723767556
com.google.javascript.rhino.jstype.PrototypeObjectType:154 0.019653231723767556
com.google.javascript.jscomp.Scope:628 0.019837990021453852
com.google.javascript.jscomp.JsAst:53 0.012630935170956915
com.google.javascript.jscomp.JsAst:52 0.012630935170956915
com.google.javascript.jscomp.parsing.JsDocInfoParser:601 0.021417646843905968
com.google.javascript.jscomp.parsing.JsDocInfoParser:600 0.021417646843905968
com.google.javascript.jscomp.parsing.JsDocInfoParser:603 0.021417646843905968
com.google.javascript.jscomp.parsing.JsDocInfoParser:597 0.021417646843905968
com.google.javascript.jscomp.parsing.JsDocInfoParser:599 0.021417646843905968
com.google.javascript.jscomp.parsing.JsDocInfoParser:598 0.021417646843905968
com.google.javascript.jscomp.TypeCheck:1407 0.027451402562301407
com.google.javascript.jscomp.TypeCheck:1406 0.027451402562301407
com.google.javascript.jscomp.BasicErrorManager:49 0.02864165750631024
com.google.javascript.rhino.jstype.JSTypeRegistry:1629 0.19611613513818404
com.google.javascript.rhino.jstype.JSTypeRegistry:1630 0.19611613513818404
com.google.javascript.jscomp.DataFlowAnalysis:124 0.019055398349167647
com.google.javascript.jscomp.PrepareAst:131 0.0
com.google.javascript.jscomp.ComposeWarningsGuard:52 0.0
com.google.javascript.jscomp.TypedScopeCreator:453 0.0
com.google.javascript.jscomp.TypedScopeCreator:452 0.0
com.google.javascript.jscomp.PrepareAst:69 0.01264304343560434
com.google.javascript.rhino.jstype.SimpleSlot:76 0.03487900532075779
com.google.javascript.jscomp.parsing.IRFactory:383 0.0
com.google.javascript.jscomp.ControlFlowAnalysis:508 0.018569533817705187
com.google.javascript.jscomp.TypeInference:647 0.03829197905337418
com.google.javascript.jscomp.TypeInference:648 0.03829197905337418
com.google.javascript.rhino.jstype.VoidType:91 0.1259881576697424
com.google.javascript.rhino.jstype.PrototypeObjectType:155 0.019653231723767556
com.google.javascript.rhino.Node:541 0.012176122899586162
com.google.javascript.jscomp.JsAst:74 0.012654173322741616
com.google.javascript.jscomp.JsAst:55 0.012630935170956915
com.google.javascript.rhino.jstype.JSTypeRegistry:1633 0.19245008972987526
com.google.javascript.jscomp.BasicErrorManager:50 0.02864165750631024
com.google.javascript.jscomp.parsing.JsDocInfoParser:2271 0.016622858516380252
com.google.javascript.jscomp.parsing.JsDocInfoParser:2269 0.01662056238286334
com.google.javascript.rhino.jstype.JSType:432 0.01233159059167475
com.google.javascript.rhino.jstype.ArrowType:226 0.021427478217774167
com.google.javascript.rhino.jstype.JSTypeRegistry:949 0.019830187468537895
com.google.javascript.jscomp.FunctionTypeBuilder:397 0.02010075630518424
com.google.javascript.jscomp.TypeInference:1162 0.036155076303109365
com.google.javascript.jscomp.TypeCheck:1399 0.02595870658255825
com.google.javascript.rhino.jstype.UnionTypeBuilder:128 0.01233159059167475
com.google.javascript.rhino.jstype.UnionType:532 0.020437977982832194
com.google.javascript.rhino.jstype.UnionType:531 0.020437977982832194
com.google.javascript.rhino.jstype.UnionType:530 0.020437977982832194
com.google.javascript.rhino.Node:1570 0.01682872219399103
com.google.javascript.rhino.Node:1569 0.01682872219399103
com.google.javascript.rhino.Node:545 0.011956557055100169
com.google.javascript.rhino.jstype.JSTypeRegistry:1655 0.19245008972987526
com.google.javascript.jscomp.DataFlowAnalysis:119 0.019045028063583717
com.google.javascript.jscomp.DataFlowAnalysis:118 0.019045028063583717
com.google.javascript.jscomp.DataFlowAnalysis:123 0.019045028063583717
com.google.javascript.jscomp.DataFlowAnalysis:121 0.019045028063583717
com.google.javascript.jscomp.DataFlowAnalysis:120 0.019045028063583717
com.google.javascript.jscomp.TypeInference:556 0.021291058142914557
com.google.javascript.jscomp.TypedScopeCreator:1896 0.0
com.google.javascript.jscomp.TypedScopeCreator:1898 0.0
com.google.javascript.jscomp.TypedScopeCreator:1894 0.0
com.google.javascript.jscomp.TypedScopeCreator:1895 0.0
com.google.javascript.rhino.jstype.JSType:535 0.020860513166591616
com.google.javascript.jscomp.parsing.JsDocInfoParser:2268 0.01662056238286334
com.google.javascript.jscomp.parsing.JsDocInfoParser:1534 0.019920476822239894
com.google.javascript.rhino.jstype.ArrowType:225 0.021427478217774167
com.google.javascript.jscomp.parsing.JsDocInfoParser:604 0.021461994946516343
com.google.javascript.jscomp.parsing.JsDocInfoParser:607 0.021461994946516343
com.google.javascript.jscomp.JsAst:51 0.012630935170956915
com.google.javascript.jscomp.FunctionTypeBuilder:344 0.02067687437254168
com.google.javascript.jscomp.TypeInference:1365 0.03146583877637763
com.google.javascript.jscomp.TypeInference:1364 0.03146583877637763
com.google.javascript.jscomp.TypeInference:1363 0.03146583877637763
com.google.javascript.jscomp.Scope:425 0.01981850088223545
com.google.javascript.jscomp.Scope:424 0.01981850088223545
com.google.javascript.jscomp.Scope:427 0.01981850088223545
com.google.javascript.jscomp.Scope:426 0.01981850088223545
com.google.javascript.jscomp.Scope:429 0.01981850088223545
com.google.javascript.jscomp.Scope:428 0.01981850088223545
com.google.javascript.jscomp.Scope:430 0.01981850088223545
com.google.javascript.rhino.jstype.UnionType:533 0.020437977982832194
com.google.javascript.jscomp.TypeInference:1161 0.03537745688386125
com.google.javascript.jscomp.TypeInference:1160 0.03537745688386125
com.google.javascript.rhino.Node:1568 0.01674593227911791
com.google.javascript.jscomp.parsing.JsDocInfoParser:1527 0.019826289642953604
com.google.javascript.jscomp.parsing.JsDocInfoParser:1528 0.019826289642953604
com.google.javascript.jscomp.parsing.JsDocInfoParser:1529 0.019826289642953604
com.google.javascript.jscomp.TypeInference:677 0.08058229640253803
com.google.javascript.jscomp.TypeInference:676 0.08058229640253803
com.google.javascript.jscomp.TypeInference:675 0.08058229640253803
com.google.javascript.jscomp.TypedScopeCreator:1899 0.0
com.google.javascript.jscomp.TypedScopeCreator:1900 0.0
com.google.javascript.rhino.Node:1567 0.016027205229701
com.google.javascript.rhino.jstype.ArrowType:224 0.021427478217774167
com.google.javascript.rhino.jstype.UnionTypeBuilder:124 0.01233159059167475
com.google.javascript.jscomp.TypeInferencePass:119 0.0
com.google.javascript.jscomp.TypeInference:1165 0.03537745688386125
com.google.javascript.jscomp.ControlFlowAnalysis:1032 0.0
com.google.javascript.jscomp.TypeInference:673 0.041522739926869986
com.google.javascript.rhino.jstype.JSTypeRegistry:1647 0.19611613513818404
com.google.javascript.jscomp.parsing.JsDocInfoParser:1530 0.019896804232983473
com.google.javascript.jscomp.parsing.JsDocInfoParser:1531 0.019896804232983473
com.google.javascript.jscomp.ControlFlowAnalysis:485 0.018569533817705187
com.google.javascript.jscomp.ControlFlowAnalysis:483 0.018569533817705187
com.google.javascript.rhino.Node:1566 0.015990280862955328
com.google.javascript.jscomp.TypedScopeCreator:1901 0.0
com.google.javascript.jscomp.TypedScopeCreator:1902 0.0
com.google.javascript.jscomp.LinkedFlowScope:78 0.019622937706955574
com.google.javascript.jscomp.LinkedFlowScope:79 0.019622937706955574
com.google.javascript.jscomp.parsing.JsDocInfoParser:616 0.021471887546694362
com.google.javascript.jscomp.parsing.JsDocInfoParser:614 0.021471887546694362
com.google.javascript.jscomp.parsing.JsDocInfoParser:615 0.021471887546694362
com.google.javascript.jscomp.parsing.JsDocInfoParser:613 0.021471887546694362
com.google.javascript.rhino.jstype.UnionTypeBuilder:125 0.021143019383791626
com.google.javascript.rhino.jstype.InstanceObjectType:67 0.01233159059167475
com.google.javascript.jscomp.FunctionTypeBuilder:346 0.021204723241999273
com.google.javascript.jscomp.FunctionTypeBuilder:345 0.021204723241999273
com.google.javascript.jscomp.FunctionTypeBuilder:396 0.02010075630518424
com.google.javascript.jscomp.parsing.JsDocInfoParser:619 0.021427478217774167
com.google.javascript.jscomp.parsing.JsDocInfoParser:620 0.021427478217774167
com.google.javascript.jscomp.TypeInference:671 0.041522739926869986
com.google.javascript.jscomp.parsing.JsDocTokenStream:440 0.0201374031110059
com.google.javascript.jscomp.parsing.JsDocTokenStream:441 0.0201374031110059
com.google.javascript.jscomp.parsing.JsDocTokenStream:439 0.0201374031110059
com.google.javascript.rhino.jstype.ValueType:54 0.019334729780913273
com.google.javascript.rhino.jstype.RecordType:136 0.07856742013183861
com.google.javascript.jscomp.Compiler:433 0.013424330557912196
com.google.javascript.rhino.jstype.ArrowType:234 0.021427478217774167
com.google.javascript.jscomp.parsing.JsDocInfoParser:108 0.01757092099429725
com.google.javascript.jscomp.parsing.JsDocInfoParser:109 0.01757092099429725
com.google.javascript.jscomp.parsing.JsDocInfoParser:621 0.021427478217774167
com.google.javascript.rhino.jstype.FunctionParamBuilder:56 0.01233159059167475
com.google.javascript.rhino.jstype.FunctionParamBuilder:55 0.01233159059167475
com.google.javascript.rhino.jstype.FunctionParamBuilder:54 0.01233159059167475
com.google.javascript.rhino.jstype.FunctionParamBuilder:52 0.01233159059167475
com.google.javascript.rhino.jstype.RecordType:133 0.07856742013183861
com.google.javascript.rhino.jstype.ArrowType:231 0.021632053030091192
com.google.javascript.rhino.jstype.ArrowType:232 0.021632053030091192
com.google.javascript.jscomp.TypeInference:1372 0.031481427501027934
com.google.javascript.jscomp.TypeInference:1371 0.031481427501027934
com.google.javascript.jscomp.TypeInference:1149 0.02111472177657533
com.google.javascript.jscomp.graph.LinkedDirectedGraph:485 0.0
com.google.javascript.rhino.jstype.ArrowType:229 0.021632053030091192
com.google.javascript.rhino.jstype.RecordType:132 0.07856742013183861
com.google.javascript.rhino.jstype.UnionType:539 0.020437977982832194
com.google.javascript.rhino.jstype.JSTypeRegistry:1622 0.19245008972987526
com.google.javascript.jscomp.TypeInference:1155 0.02111472177657533
com.google.javascript.jscomp.parsing.JsDocInfoParser:1538 0.019826289642953604
com.google.javascript.jscomp.TypeInference:667 0.03829197905337418
com.google.javascript.rhino.JSDocInfo:571 0.016776539984043038
com.google.javascript.jscomp.parsing.JsDocInfoParser:625 0.021427478217774167
com.google.javascript.rhino.jstype.ArrowType:228 0.021632053030091192
com.google.javascript.rhino.jstype.ArrowType:227 0.021632053030091192
com.google.javascript.jscomp.Compiler:434 0.013424330557912196
com.google.javascript.jscomp.TypeCheck:1327 0.021407828990149706
com.google.javascript.rhino.jstype.JSTypeRegistry:1664 0.19245008972987526
com.google.javascript.jscomp.SourceFile:357 0.012543191584641126
com.google.javascript.jscomp.TypeInference:1368 0.03146583877637763
com.google.javascript.jscomp.TypedScopeCreator:391 0.02001601922563589
com.google.javascript.rhino.Node:373 0.01353949987365108
com.google.javascript.rhino.Node:375 0.01353949987365108
com.google.javascript.rhino.Node:374 0.01353949987365108
com.google.javascript.rhino.Node:370 0.01353949987365108
com.google.javascript.rhino.Node:377 0.01353949987365108
com.google.javascript.rhino.Node:376 0.01353949987365108
com.google.javascript.rhino.Node:379 0.01353949987365108
com.google.javascript.rhino.Node:378 0.01353949987365108
com.google.javascript.rhino.jstype.JSType:192 0.10783277320343841
com.google.javascript.jscomp.TypeCheck:891 0.022037982136063
com.google.javascript.jscomp.TypeCheck:890 0.022037982136063
com.google.javascript.rhino.jstype.JSType:288 0.019045028063583717
com.google.javascript.jscomp.TypeCheck:1851 0.02077480629531073
com.google.javascript.jscomp.Compiler:253 0.012536290240743358
com.google.javascript.rhino.jstype.ArrowType:120 0.023485569615051043
com.google.javascript.rhino.jstype.UnionType:350 0.019834087593950483
com.google.javascript.rhino.jstype.NoResolvedType:59 0.01233159059167475
com.google.javascript.rhino.jstype.NoResolvedType:60 0.01233159059167475
com.google.javascript.jscomp.TypeInferencePass:98 0.0
com.google.javascript.jscomp.NodeTraversal:233 0.014619195618433589
com.google.javascript.jscomp.NodeUtil:1711 0.01371795029627971
com.google.javascript.jscomp.NodeUtil:1710 0.01371795029627971
com.google.javascript.jscomp.NodeTraversal:231 0.012609829157517467
com.google.javascript.jscomp.NodeTraversal:69 0.012609829157517467
com.google.javascript.jscomp.NodeTraversal:230 0.012609829157517467
com.google.javascript.jscomp.NodeTraversal:54 0.012609829157517467
com.google.javascript.jscomp.NodeTraversal:232 0.012609829157517467
com.google.javascript.jscomp.NodeTraversal:60 0.012609829157517467
com.google.javascript.jscomp.FunctionTypeBuilder:570 0.023249527748763855
com.google.javascript.rhino.jstype.UnionTypeBuilder:131 0.01233159059167475
com.google.javascript.rhino.jstype.UnionTypeBuilder:132 0.01233159059167475
com.google.javascript.jscomp.PrepareAst:48 0.01264304343560434
com.google.javascript.jscomp.PrepareAst:46 0.01264304343560434
com.google.javascript.jscomp.PrepareAst:47 0.01264304343560434
com.google.javascript.jscomp.PrepareAst:45 0.01264304343560434
com.google.javascript.jscomp.TypeCheck:889 0.022037982136063
com.google.javascript.jscomp.TypeCheck:888 0.022037982136063
com.google.javascript.jscomp.parsing.JsDocInfoParser:2121 0.14002800840280097
com.google.javascript.jscomp.parsing.JsDocInfoParser:2123 0.14002800840280097
com.google.javascript.jscomp.Compiler:428 0.013424330557912196
com.google.javascript.jscomp.TypedScopeCreator:1619 0.0
com.google.javascript.rhino.jstype.RecordType:128 0.07856742013183861
com.google.javascript.jscomp.NodeUtil:2025 0.08512565307587486
com.google.javascript.rhino.jstype.JSTypeRegistry:827 0.021176177494381335
com.google.javascript.rhino.jstype.JSTypeRegistry:826 0.021176177494381335
com.google.javascript.jscomp.FunctionTypeBuilder:569 0.021879166839686815
com.google.javascript.jscomp.NodeUtil:1715 0.01452175900521874
com.google.javascript.jscomp.TypeCheck:892 0.022054054569561544
com.google.javascript.jscomp.FunctionTypeBuilder:575 0.02196873875818734
com.google.javascript.rhino.Node:1928 0.018211945490271768
com.google.javascript.jscomp.Compiler:242 0.01262892050706804
com.google.javascript.jscomp.GoogleCodingConvention:125 0.018242223059788013
com.google.javascript.rhino.Node:1295 0.0
com.google.javascript.jscomp.parsing.JsDocTokenStream:447 0.016572562308756485
com.google.javascript.jscomp.ControlFlowGraph:152 0.01880443536111504
com.google.javascript.jscomp.ControlFlowGraph:153 0.01880443536111504
com.google.javascript.jscomp.FunctionTypeBuilder:326 0.02067687437254168
com.google.javascript.jscomp.FunctionTypeBuilder:327 0.02067687437254168
com.google.javascript.jscomp.FunctionTypeBuilder:330 0.02067687437254168
com.google.javascript.rhino.jstype.FunctionType:194 0.033370432213299994
com.google.javascript.rhino.jstype.JSType:326 0.01233159059167475
com.google.javascript.rhino.jstype.ArrowType:127 0.02350502473611342
com.google.javascript.rhino.jstype.ArrowType:128 0.02350502473611342
com.google.javascript.rhino.jstype.ArrowType:126 0.02350502473611342
com.google.javascript.jscomp.Compiler:429 0.013424330557912196
com.google.javascript.jscomp.Compiler:241 0.012538260890797305
com.google.javascript.jscomp.FunctionTypeBuilder:325 0.02010075630518424
com.google.javascript.jscomp.NodeTraversal:239 0.012609829157517467
com.google.javascript.jscomp.NodeTraversal:238 0.012609829157517467
com.google.javascript.jscomp.NodeTraversal:237 0.012609829157517467
com.google.javascript.jscomp.NodeTraversal:236 0.012609829157517467
com.google.javascript.jscomp.NodeTraversal:235 0.012609829157517467
com.google.javascript.rhino.jstype.UnionType:168 0.079555728417573
com.google.javascript.rhino.jstype.UnionType:166 0.079555728417573
com.google.javascript.rhino.jstype.PrototypeObjectType:429 0.01233159059167475
com.google.javascript.rhino.jstype.PrototypeObjectType:281 0.022005942406783077
com.google.javascript.jscomp.NodeUtil:1865 0.014983900955063837
com.google.javascript.jscomp.FunctionTypeBuilder:565 0.022905435417568808
com.google.javascript.jscomp.RhinoErrorReporter:104 0.01251957714590336
com.google.javascript.jscomp.parsing.IRFactory:1137 0.012657213851396142
com.google.javascript.rhino.JSDocInfo:1070 0.017541160386140585
com.google.javascript.jscomp.TypeInference:679 0.08058229640253803
com.google.javascript.jscomp.TypeInference:678 0.08058229640253803
com.google.javascript.jscomp.TypeInference:681 0.08058229640253803
com.google.javascript.rhino.Node:1141 0.012349444086849905
com.google.javascript.jscomp.Compiler:239 0.012536290240743358
com.google.javascript.jscomp.Compiler:240 0.012536290240743358
com.google.javascript.rhino.jstype.UnionTypeBuilder:130 0.01233159059167475
com.google.javascript.jscomp.GoogleCodingConvention:44 0.01353949987365108
com.google.javascript.jscomp.GoogleCodingConvention:45 0.01353949987365108
com.google.javascript.jscomp.FunctionTypeBuilder:561 0.02182178902359924
com.google.javascript.jscomp.FunctionTypeBuilder:560 0.02182178902359924
com.google.javascript.rhino.jstype.PrototypeObjectType:430 0.01233159059167475
com.google.javascript.rhino.jstype.UnionType:164 0.079555728417573
com.google.javascript.jscomp.graph.DiGraph:122 0.017175134664318158
com.google.javascript.jscomp.graph.DiGraph:28 0.017175134664318158
com.google.javascript.rhino.jstype.PrototypeObjectType:280 0.022005942406783077
com.google.javascript.jscomp.TypeCheck:885 0.021816595214404266
com.google.javascript.jscomp.TypeCheck:884 0.021816595214404266
com.google.javascript.jscomp.TypeCheck:887 0.021816595214404266
com.google.javascript.jscomp.parsing.IRFactory:1344 0.018748169213489752
com.google.javascript.jscomp.NodeUtil:1717 0.01554174680400523
com.google.javascript.rhino.jstype.JSTypeRegistry:883 0.01233159059167475
com.google.javascript.rhino.jstype.PrototypeObjectType:291 0.022005942406783077
com.google.javascript.rhino.jstype.PrototypeObjectType:292 0.022005942406783077
com.google.javascript.jscomp.CompilerOptions:1043 0.012564955952681742
com.google.javascript.jscomp.CompilerOptions:1042 0.012564955952681742
com.google.javascript.jscomp.parsing.JsDocInfoParser:2158 0.1414213562373095
com.google.javascript.jscomp.parsing.JsDocInfoParser:2157 0.1414213562373095
com.google.javascript.jscomp.TypeInference:687 0.08058229640253803
com.google.javascript.jscomp.TypeInference:684 0.08058229640253803
com.google.javascript.jscomp.TypeCheck:883 0.021422560838887206
com.google.javascript.rhino.jstype.JSTypeRegistry:1040 0.01233159059167475
com.google.javascript.jscomp.WarningsGuard:47 0.012531367677927138
com.google.javascript.jscomp.WarningsGuard:45 0.012531367677927138
com.google.javascript.rhino.jstype.NullType:84 0.021442250696755896
com.google.javascript.rhino.jstype.JSType:346 0.022145800696175846
com.google.javascript.jscomp.parsing.JsDocInfoParser:2155 0.14002800840280097
com.google.javascript.rhino.jstype.JSTypeRegistry:823 0.021176177494381335
com.google.javascript.jscomp.Scope:452 0.016014868700435152
com.google.javascript.rhino.jstype.ArrowType:81 0.023344359662783535
com.google.javascript.rhino.JSDocInfo:985 0.02067687437254168
com.google.javascript.jscomp.parsing.JsDocInfoParser:1238 0.01883777067421859
com.google.javascript.rhino.jstype.PrototypeObjectType:296 0.022005942406783077
com.google.javascript.rhino.Node:2319 0.01264001310517238
com.google.javascript.jscomp.TypedScopeCreator:387 0.0
com.google.javascript.jscomp.parsing.JsDocInfoParser:534 0.19611613513818404
com.google.javascript.jscomp.FunctionTypeBuilder:586 0.02182178902359924
com.google.javascript.rhino.Node:2259 0.01515325460564539
com.google.javascript.jscomp.PrepareAst:74 0.01264304343560434
com.google.javascript.jscomp.TypeCheck:854 0.021422560838887206
com.google.javascript.jscomp.TypeCheck:860 0.021422560838887206
com.google.javascript.jscomp.BasicErrorManager:53 0.026020147394144395
com.google.javascript.rhino.JSDocInfo:986 0.026518576139190998
com.google.javascript.rhino.jstype.PrototypeObjectType:293 0.022011272658140596
com.google.javascript.rhino.jstype.UnionTypeBuilder:138 0.022697981217836876
com.google.javascript.rhino.IR:418 0.018361765076453273
com.google.javascript.rhino.Node:2179 0.013327411355100583
com.google.javascript.rhino.jstype.PrototypeObjectType:163 0.019653231723767556
com.google.javascript.rhino.jstype.UnionType:173 0.079555728417573
com.google.javascript.rhino.jstype.UnionType:172 0.079555728417573
com.google.javascript.jscomp.PrepareAst:70 0.01264304343560434
com.google.javascript.jscomp.RhinoErrorReporter:152 0.0
com.google.javascript.jscomp.RhinoErrorReporter:151 0.0
com.google.javascript.rhino.jstype.JSTypeRegistry:871 0.018595200082640047
com.google.javascript.rhino.jstype.ArrowType:85 0.023344359662783535
com.google.javascript.rhino.jstype.ArrowType:91 0.023344359662783535
com.google.javascript.rhino.JSDocInfo:988 0.02231053741265801
com.google.javascript.rhino.jstype.UnionTypeBuilder:137 0.01233159059167475
com.google.javascript.jscomp.Scope:614 0.014210510570080112
com.google.javascript.jscomp.ErrorFormat:40 0.0
com.google.javascript.jscomp.ErrorFormat:41 0.0
com.google.javascript.jscomp.ErrorFormat:38 0.0
com.google.javascript.rhino.jstype.JSTypeRegistry:1202 0.01233159059167475
com.google.javascript.rhino.jstype.JSTypeRegistry:1203 0.01233159059167475
com.google.javascript.rhino.jstype.JSTypeRegistry:1201 0.01233159059167475
com.google.javascript.rhino.jstype.UnionType:169 0.1543033499620919
com.google.javascript.jscomp.TypedScopeCreator:382 0.0
com.google.javascript.jscomp.parsing.IRFactory:858 0.0
com.google.javascript.jscomp.parsing.IRFactory:857 0.0
com.google.javascript.jscomp.parsing.IRFactory:863 0.0
com.google.javascript.jscomp.parsing.IRFactory:862 0.0
com.google.javascript.jscomp.parsing.IRFactory:861 0.0
com.google.javascript.jscomp.parsing.IRFactory:860 0.0
com.google.javascript.jscomp.Compiler:267 0.012536290240743358
com.google.javascript.rhino.jstype.AllType:54 0.01233159059167475
com.google.javascript.rhino.jstype.AllType:53 0.01233159059167475
com.google.javascript.jscomp.parsing.JsDocInfoParser:539 0.19611613513818404
com.google.javascript.jscomp.parsing.JsDocInfoParser:538 0.19611613513818404
com.google.javascript.jscomp.NodeTraversal:455 0.012610831807632956
com.google.javascript.jscomp.NodeTraversal:454 0.012610831807632956
com.google.javascript.jscomp.NodeTraversal:456 0.012610831807632956
com.google.javascript.rhino.jstype.UnionTypeBuilder:136 0.01233159059167475
com.google.javascript.jscomp.parsing.IRFactory:481 0.0
com.google.javascript.jscomp.TypeCheck:1862 0.022587697572631283
com.google.javascript.jscomp.TypedScopeCreator:1604 0.0
com.google.javascript.jscomp.parsing.JsDocInfoParser:2146 0.15249857033260467
com.google.javascript.jscomp.parsing.JsDocInfoParser:2147 0.15249857033260467
com.google.javascript.jscomp.parsing.JsDocInfoParser:2144 0.15249857033260467
com.google.javascript.jscomp.parsing.JsDocInfoParser:2145 0.15249857033260467
com.google.javascript.jscomp.LinkedFlowScope:235 0.019822394114938212
com.google.javascript.rhino.Node:834 0.013430382733756338
com.google.javascript.jscomp.TypeCheck:842 0.021422560838887206
com.google.javascript.jscomp.TypeCheck:840 0.021422560838887206
com.google.javascript.jscomp.TypeCheck:841 0.021422560838887206
com.google.javascript.jscomp.TypeCheck:846 0.021422560838887206
com.google.javascript.rhino.jstype.JSTypeRegistry:868 0.018595200082640047
com.google.javascript.jscomp.ControlFlowAnalysis:1051 0.0
com.google.javascript.jscomp.ControlFlowAnalysis:1053 0.0
com.google.javascript.jscomp.ControlFlowAnalysis:1052 0.0
com.google.javascript.rhino.jstype.ArrowType:115 0.023382618677247783
com.google.javascript.rhino.jstype.ArrowType:114 0.023382618677247783
com.google.javascript.rhino.jstype.UnionType:182 0.10425720702853739
com.google.javascript.rhino.jstype.ObjectType:522 0.01233159059167475
com.google.javascript.jscomp.TypeCheck:1858 0.022941573387056175
com.google.javascript.jscomp.TypeCheck:1859 0.022941573387056175
com.google.javascript.jscomp.TypeCheck:1857 0.022941573387056175
com.google.javascript.jscomp.TypeInference:1391 0.05670479771237427
com.google.javascript.jscomp.parsing.JsDocInfoParser:2295 0.016629752630943483
com.google.javascript.jscomp.Scope:541 0.014506471329641486
com.google.javascript.jscomp.Scope:540 0.014506471329641486
com.google.javascript.rhino.jstype.JSType:566 0.020892357824136742
com.google.javascript.rhino.jstype.JSType:565 0.020892357824136742
com.google.javascript.rhino.jstype.JSType:564 0.020892357824136742
com.google.javascript.jscomp.TypeCheck:834 0.02137845624045064
com.google.javascript.jscomp.TypeCheck:835 0.02137845624045064
com.google.javascript.jscomp.TypeCheck:839 0.02137845624045064
com.google.javascript.jscomp.TypeCheck:836 0.02137845624045064
com.google.javascript.rhino.jstype.JSType:960 0.019117977822546813
com.google.javascript.rhino.JSDocInfoBuilder:125 0.016524975718631645
com.google.javascript.rhino.jstype.ArrowType:116 0.023382618677247783
com.google.javascript.rhino.Node:368 0.01353949987365108
com.google.javascript.jscomp.parsing.JsDocInfoParser:2133 0.15249857033260467
com.google.javascript.jscomp.parsing.JsDocInfoParser:2140 0.15249857033260467
com.google.javascript.jscomp.parsing.JsDocInfoParser:2137 0.15249857033260467
com.google.javascript.jscomp.parsing.JsDocInfoParser:2138 0.15249857033260467
com.google.javascript.jscomp.TypeCheck:1856 0.022587697572631283
com.google.javascript.rhino.Node:305 0.0
com.google.javascript.rhino.Node:304 0.0
com.google.javascript.rhino.Node:306 0.0
com.google.javascript.jscomp.parsing.JsDocInfoParser:2292 0.022091694090300196
com.google.javascript.rhino.jstype.JSType:1181 0.051031036307982884
com.google.javascript.jscomp.TypeInference:1393 0.02014148736276902
com.google.javascript.jscomp.LinkedFlowScope:236 0.019802950859533486
com.google.javascript.jscomp.JoinOp:38 0.0
com.google.javascript.jscomp.JoinOp:39 0.0
com.google.javascript.jscomp.JoinOp:37 0.0
com.google.javascript.rhino.jstype.JSTypeRegistry:231 0.0213055500729938
com.google.javascript.jscomp.parsing.IRFactory:478 0.0
com.google.javascript.rhino.Node:831 0.012888481555661675
com.google.javascript.rhino.Node:830 0.012888481555661675
com.google.javascript.rhino.JSDocInfoBuilder:129 0.01662745363976212
com.google.javascript.rhino.JSDocInfoBuilder:127 0.01662745363976212
com.google.javascript.rhino.JSDocInfoBuilder:128 0.01662745363976212
com.google.javascript.rhino.JSDocInfoBuilder:126 0.01662745363976212
com.google.javascript.rhino.JSDocInfoBuilder:131 0.01662745363976212
com.google.javascript.rhino.JSDocInfoBuilder:130 0.01662745363976212
com.google.javascript.jscomp.TypeCheck:1855 0.02077480629531073
com.google.javascript.jscomp.TypeCheck:1854 0.02077480629531073
com.google.javascript.rhino.Node:1894 0.021744269101781406
com.google.javascript.rhino.jstype.JSType:111 0.01233159059167475
com.google.javascript.rhino.Node:367 0.01353949987365108
com.google.javascript.rhino.jstype.UnionType:178 0.10425720702853739
com.google.javascript.jscomp.parsing.JsDocInfoParser:2290 0.022048693185121176
com.google.javascript.jscomp.parsing.JsDocInfoParser:2291 0.022048693185121176
com.google.javascript.jscomp.Scope:543 0.015986193890144045
com.google.javascript.jscomp.parsing.IRFactory:480 0.0
com.google.javascript.rhino.Node:832 0.013564388681189735
com.google.javascript.rhino.jstype.NoObjectType:70 0.01233159059167475
com.google.javascript.rhino.jstype.NoObjectType:71 0.01233159059167475
com.google.javascript.rhino.jstype.NoObjectType:72 0.01233159059167475
com.google.javascript.rhino.jstype.NoObjectType:67 0.01233159059167475
com.google.javascript.jscomp.ControlFlowAnalysis:821 0.018569533817705187
com.google.javascript.jscomp.ControlFlowAnalysis:820 0.018569533817705187
com.google.javascript.jscomp.ControlFlowAnalysis:819 0.018569533817705187
com.google.javascript.jscomp.ControlFlowAnalysis:818 0.018569533817705187
com.google.javascript.jscomp.SourceFile:325 0.012543191584641126
com.google.javascript.jscomp.TypeCheck:848 0.021816595214404266
com.google.javascript.jscomp.TypeCheck:847 0.021816595214404266
com.google.javascript.jscomp.Compiler:254 0.013796056546950987
com.google.javascript.jscomp.parsing.JsDocInfoParser:2127 0.1414213562373095
com.google.javascript.jscomp.parsing.JsDocInfoParser:2128 0.1414213562373095
com.google.javascript.rhino.jstype.ArrowType:119 0.023485569615051043
com.google.javascript.rhino.jstype.ArrowType:118 0.023485569615051043
com.google.javascript.rhino.jstype.ArrowType:117 0.023485569615051043
com.google.javascript.jscomp.JSModule:106 0.01341707873570771
com.google.javascript.jscomp.JSModule:104 0.01341707873570771
com.google.javascript.jscomp.JSModule:105 0.01341707873570771
com.google.javascript.jscomp.parsing.JsDocInfoParser:2289 0.016629752630943483
com.google.javascript.rhino.jstype.UnionType:177 0.10425720702853739
com.google.javascript.jscomp.Scope:542 0.014623884514353086
com.google.javascript.jscomp.TypeInference:1385 0.020121090914638342
com.google.javascript.jscomp.TypeInference:1386 0.020121090914638342
com.google.javascript.rhino.Node:280 0.0
com.google.javascript.rhino.Node:279 0.0
com.google.javascript.rhino.Node:278 0.0
com.google.javascript.rhino.Node:277 0.0
com.google.javascript.jscomp.CompilerInput:79 0.012654173322741616
com.google.javascript.jscomp.TypedScopeCreator:548 0.0
com.google.javascript.rhino.jstype.PrototypeObjectType:496 0.01233159059167475
com.google.javascript.rhino.Node:529 0.012227899701112963
com.google.javascript.rhino.jstype.RecordType:222 0.19245008972987526
com.google.javascript.jscomp.TypedScopeCreator:1875 0.0
com.google.javascript.rhino.Node:381 0.013662783192936522
com.google.javascript.rhino.Node:382 0.013662783192936522
com.google.javascript.jscomp.TypedScopeCreator:760 0.0
com.google.javascript.jscomp.TypedScopeCreator:766 0.0
com.google.javascript.jscomp.TypedScopeCreator:767 0.0
com.google.javascript.jscomp.TypedScopeCreator:771 0.0
com.google.javascript.jscomp.TypedScopeCreator:764 0.0
com.google.javascript.jscomp.TypedScopeCreator:765 0.0
com.google.javascript.jscomp.TypedScopeCreator:776 0.0
com.google.javascript.jscomp.parsing.IRFactory:136 0.012505863498094339
com.google.javascript.jscomp.parsing.IRFactory:138 0.012505863498094339
com.google.javascript.jscomp.parsing.IRFactory:140 0.012505863498094339
com.google.javascript.jscomp.parsing.IRFactory:132 0.012505863498094339
com.google.javascript.jscomp.parsing.IRFactory:135 0.012505863498094339
com.google.javascript.jscomp.parsing.IRFactory:134 0.012505863498094339
com.google.javascript.jscomp.TypeCheck:1058 0.02206478908203439
com.google.javascript.jscomp.TypeCheck:1059 0.02206478908203439
com.google.javascript.rhino.jstype.JSTypeRegistry:1221 0.01233159059167475
com.google.javascript.jscomp.TypedScopeCreator:1597 0.0
com.google.javascript.rhino.jstype.FunctionType:847 0.021427478217774167
com.google.javascript.jscomp.RhinoErrorReporter:100 0.01251957714590336
com.google.javascript.jscomp.RhinoErrorReporter:72 0.01251957714590336
com.google.javascript.jscomp.RhinoErrorReporter:73 0.01251957714590336
com.google.javascript.jscomp.RhinoErrorReporter:74 0.01251957714590336
com.google.javascript.jscomp.InferJSDocInfo:189 0.020641604625120283
com.google.javascript.rhino.jstype.PrototypeObjectType:495 0.01233159059167475
com.google.javascript.rhino.Node:521 0.018928669210852442
com.google.javascript.jscomp.CompilerInput:81 0.012653160300018722
com.google.javascript.rhino.Node:2251 0.012745318548364542
com.google.javascript.rhino.jstype.ObjectType:379 0.03627381250550058
com.google.javascript.jscomp.TypedScopeCreator:1874 0.0
com.google.javascript.rhino.jstype.JSTypeRegistry:1223 0.01233159059167475
com.google.javascript.rhino.JSDocInfoBuilder:93 0.016636655330361162
com.google.javascript.rhino.jstype.UnionType:261 0.020575957460157265
com.google.javascript.jscomp.ComposeWarningsGuard:85 0.012531367677927138
com.google.javascript.jscomp.ComposeWarningsGuard:84 0.012531367677927138
com.google.javascript.jscomp.TypeValidator:582 0.021393127492027906
com.google.javascript.jscomp.TypeValidator:583 0.021393127492027906
com.google.javascript.jscomp.parsing.IRFactory:1165 0.04708816093480111
com.google.javascript.rhino.jstype.JSTypeRegistry:956 0.01233159059167475
com.google.javascript.jscomp.InferJSDocInfo:181 0.022005942406783077
com.google.javascript.jscomp.TypedScopeCreator:540 0.0
com.google.javascript.jscomp.TypedScopeCreator:1873 0.0
com.google.javascript.jscomp.TypedScopeCreator:1872 0.0
com.google.javascript.jscomp.TypedScopeCreator:1871 0.0
com.google.javascript.jscomp.LinkedFlowScope:114 0.0210444718698259
com.google.javascript.jscomp.LinkedFlowScope:113 0.0210444718698259
com.google.javascript.rhino.jstype.UnknownType:161 0.02262814111007102
com.google.javascript.rhino.jstype.RecordType:215 0.2581988897471611
com.google.javascript.jscomp.TypeValidator:648 0.03971507353947688
com.google.javascript.jscomp.TypeValidator:651 0.03971507353947688
com.google.javascript.jscomp.TypedScopeCreator:1841 0.0
com.google.javascript.rhino.jstype.JSTypeRegistry:1220 0.01233159059167475
com.google.javascript.jscomp.TypeCheck:1054 0.022054054569561544
com.google.javascript.jscomp.TypedScopeCreator:779 0.0
com.google.javascript.jscomp.parsing.JsDocInfoParser:677 0.021466939537054593
com.google.javascript.jscomp.parsing.JsDocInfoParser:674 0.021466939537054593
com.google.javascript.jscomp.FunctionTypeBuilder:725 0.021262162778128115
com.google.javascript.jscomp.FunctionTypeBuilder:726 0.021262162778128115
com.google.javascript.jscomp.TypedScopeCreator:542 0.0
com.google.javascript.rhino.jstype.RecordType:221 0.1643989873053573
com.google.javascript.jscomp.DependencyOptions:42 0.012530383861032359
com.google.javascript.jscomp.DependencyOptions:43 0.012530383861032359
com.google.javascript.jscomp.DependencyOptions:39 0.012530383861032359
com.google.javascript.jscomp.DependencyOptions:44 0.012530383861032359
com.google.javascript.jscomp.DependencyOptions:45 0.012530383861032359
com.google.javascript.jscomp.TypeInference:704 0.041522739926869986
com.google.javascript.jscomp.TypedScopeCreator:777 0.0
com.google.javascript.rhino.jstype.PrototypeObjectType:494 0.01233159059167475
com.google.javascript.rhino.jstype.JSTypeRegistry:957 0.01233159059167475
com.google.javascript.rhino.jstype.JSTypeRegistry:1217 0.01233159059167475
com.google.javascript.rhino.jstype.JSTypeRegistry:1219 0.01233159059167475
com.google.javascript.rhino.jstype.JSTypeRegistry:1218 0.01233159059167475
com.google.javascript.jscomp.TypedScopeCreator:1847 0.0
com.google.javascript.rhino.jstype.ObjectType:542 0.01233159059167475
com.google.javascript.jscomp.TypeInference:674 0.08058229640253803
com.google.javascript.rhino.jstype.FunctionParamBuilder:152 0.01233159059167475
com.google.javascript.rhino.jstype.FunctionParamBuilder:153 0.01233159059167475
com.google.javascript.rhino.jstype.RecordType:209 0.21320071635561041
com.google.javascript.jscomp.parsing.JsDocInfoParser:1717 0.019230769230769232
com.google.javascript.jscomp.TypedScopeCreator:535 0.0
com.google.javascript.jscomp.TypedScopeCreator:536 0.0
com.google.javascript.jscomp.parsing.JsDocTokenStream:298 0.018824415287446387
com.google.javascript.rhino.jstype.PrototypeObjectType:169 0.020615270438818365
com.google.javascript.jscomp.TypedScopeCreator:1862 0.0
com.google.javascript.jscomp.TypedScopeCreator:1861 0.0
com.google.javascript.rhino.jstype.JSTypeRegistry:959 0.02305714879553582
com.google.javascript.rhino.jstype.PrototypeObjectType:119 0.01233159059167475
com.google.javascript.rhino.JSDocInfo:1221 0.01883777067421859
com.google.javascript.rhino.jstype.FunctionType:230 0.020112949667728242
com.google.javascript.jscomp.parsing.IRFactory:154 0.012505863498094339
com.google.javascript.rhino.jstype.RecordType:213 0.15811388300841897
com.google.javascript.jscomp.graph.Graph:57 0.01713474628469157
com.google.javascript.jscomp.graph.Graph:306 0.01713474628469157
com.google.javascript.jscomp.TypedScopeCreator:1888 0.0
com.google.javascript.jscomp.TypedScopeCreator:1887 0.0
com.google.javascript.jscomp.NodeTraversal:635 0.014390351338241198
com.google.javascript.rhino.jstype.UnknownType:70 0.020211302086361082
com.google.javascript.jscomp.parsing.IRFactory:791 0.0
com.google.javascript.jscomp.TypedScopeCreator:162 0.0
com.google.javascript.jscomp.TypedScopeCreator:161 0.0
com.google.javascript.jscomp.TypedScopeCreator:160 0.0
com.google.javascript.jscomp.TypedScopeCreator:167 0.0
com.google.javascript.jscomp.TypedScopeCreator:166 0.0
com.google.javascript.jscomp.TypedScopeCreator:158 0.0
com.google.javascript.jscomp.TypedScopeCreator:159 0.0
com.google.javascript.jscomp.DataFlowAnalysis:137 0.01904848294398648
com.google.javascript.rhino.jstype.JSTypeRegistry:968 0.0213055500729938
com.google.javascript.jscomp.CodingConventions:202 0.0
com.google.javascript.rhino.jstype.PrototypeObjectType:85 0.01233159059167475
com.google.javascript.rhino.jstype.PrototypeObjectType:118 0.01233159059167475
com.google.javascript.rhino.jstype.PrototypeObjectType:117 0.01233159059167475
com.google.javascript.rhino.jstype.PrototypeObjectType:116 0.01233159059167475
com.google.javascript.rhino.jstype.PrototypeObjectType:115 0.01233159059167475
com.google.javascript.rhino.jstype.PrototypeObjectType:89 0.01233159059167475
com.google.javascript.jscomp.TypedScopeCreator:378 0.0
com.google.javascript.jscomp.parsing.JsDocTokenStream:280 0.018569533817705187
com.google.javascript.jscomp.TypedScopeCreator:1866 0.0
com.google.javascript.jscomp.TypedScopeCreator:1865 0.0
com.google.javascript.jscomp.TypeInference:700 0.08058229640253803
com.google.javascript.jscomp.parsing.IRFactory:146 0.013471755760359808
com.google.javascript.jscomp.parsing.IRFactory:147 0.013471755760359808
com.google.javascript.jscomp.Compiler:2021 0.012748425268349349
com.google.javascript.jscomp.TypedScopeCreator:379 0.0
com.google.javascript.jscomp.TypedScopeCreator:525 0.0
com.google.javascript.jscomp.parsing.JsDocTokenStream:301 0.01864361255739157
com.google.javascript.jscomp.parsing.JsDocInfoParser:1715 0.01917060103747883
com.google.javascript.jscomp.parsing.IRFactory:924 0.0
com.google.javascript.rhino.jstype.ProxyObjectType:87 0.019814609942592133
com.google.javascript.rhino.jstype.AllType:110 0.019834087593950483
com.google.javascript.jscomp.parsing.JsDocInfoParser:692 0.02196873875818734
com.google.javascript.jscomp.parsing.JsDocInfoParser:690 0.02196873875818734
com.google.javascript.jscomp.parsing.TypeSafeDispatcher:74 0.012505863498094339
com.google.javascript.rhino.jstype.RecordType:208 0.14744195615489714
com.google.javascript.jscomp.LinkedFlowScope:121 0.0210444718698259
com.google.javascript.jscomp.TypedScopeCreator:380 0.0
com.google.javascript.jscomp.parsing.JsDocInfoParser:1716 0.022222222222222223
com.google.javascript.jscomp.parsing.ParserRunner:78 0.012126781251816649
com.google.javascript.jscomp.parsing.ParserRunner:77 0.012126781251816649
com.google.javascript.rhino.jstype.ProxyObjectType:85 0.019814609942592133
com.google.javascript.rhino.jstype.ProxyObjectType:86 0.019814609942592133
com.google.javascript.jscomp.Scope:283 0.0
com.google.javascript.jscomp.Scope:282 0.0
com.google.javascript.jscomp.Scope:281 0.0
com.google.javascript.jscomp.TypedScopeCreator:176 0.019837990021453852
com.google.javascript.jscomp.TypedScopeCreator:175 0.019837990021453852
com.google.javascript.rhino.jstype.PrototypeObjectType:432 0.012895981400087858
com.google.javascript.jscomp.TypeInference:949 0.03507153119159472
com.google.javascript.rhino.jstype.JSTypeRegistry:633 0.01233159059167475
com.google.javascript.rhino.jstype.ProxyObjectType:91 0.019814609942592133
com.google.javascript.jscomp.CodingConvention:352 0.0
com.google.javascript.rhino.Node:386 0.013662783192936522
com.google.javascript.rhino.Node:388 0.013662783192936522
com.google.javascript.rhino.jstype.JSType:576 0.0209197696327652
com.google.javascript.rhino.JSDocInfo:1128 0.018761362859889375
com.google.javascript.jscomp.TypeValidator:591 0.021393127492027906
com.google.javascript.jscomp.PrepareAst:233 0.0
com.google.javascript.jscomp.PrepareAst:232 0.0
com.google.javascript.jscomp.NodeUtil:2022 0.08512565307587486
com.google.javascript.jscomp.parsing.JsDocInfoParser:1723 0.019248573853813324
com.google.javascript.jscomp.TypedScopeCreator:1044 0.0
com.google.javascript.jscomp.Scope:448 0.0173421993904824
com.google.javascript.rhino.jstype.PrototypeObjectType:431 0.012895981400087858
com.google.javascript.rhino.jstype.PrototypeObjectType:106 0.01233159059167475
com.google.javascript.rhino.jstype.PrototypeObjectType:107 0.01233159059167475
com.google.javascript.jscomp.Scope:571 0.014290089472673803
com.google.javascript.jscomp.TypedScopeCreator:1045 0.0
com.google.javascript.jscomp.parsing.JsDocInfoParser:1724 0.086710996952412
com.google.javascript.jscomp.parsing.JsDocInfoParser:1725 0.086710996952412
com.google.javascript.rhino.jstype.ObjectType:608 0.0
com.google.javascript.rhino.jstype.ObjectType:600 0.0
com.google.javascript.rhino.jstype.ObjectType:603 0.0
com.google.javascript.rhino.jstype.ObjectType:605 0.0
com.google.javascript.rhino.jstype.ObjectType:604 0.0
com.google.javascript.rhino.jstype.ObjectType:607 0.0
com.google.javascript.rhino.jstype.ObjectType:606 0.0
com.google.javascript.jscomp.TypeCheck:910 0.021764860270317654
com.google.javascript.jscomp.TypeCheck:913 0.021764860270317654
com.google.javascript.jscomp.TypedScopeCreator:555 0.0
com.google.javascript.jscomp.PrepareAst:229 0.0
com.google.javascript.jscomp.PrepareAst:228 0.0
com.google.javascript.jscomp.PrepareAst:224 0.0
com.google.javascript.jscomp.parsing.IRFactory:902 0.0
com.google.javascript.jscomp.parsing.IRFactory:901 0.0
com.google.javascript.jscomp.parsing.IRFactory:900 0.0
com.google.javascript.rhino.jstype.UnionType:266 0.020589036786063403
com.google.javascript.jscomp.LinkedFlowScope:489 0.0
com.google.javascript.rhino.Node:1117 0.012278491144729287
com.google.javascript.rhino.Node:1118 0.012278491144729287
com.google.javascript.jscomp.TypeCheck:909 0.02172373626518906
com.google.javascript.jscomp.TypeCheck:908 0.02172373626518906
com.google.javascript.jscomp.Scope:568 0.014290089472673803
com.google.javascript.jscomp.parsing.JsDocInfoParser:1720 0.019230769230769232
com.google.javascript.jscomp.parsing.JsDocTokenStream:232 0.016588516095874008
com.google.javascript.jscomp.CodingConventions:57 0.0
com.google.javascript.jscomp.CodingConventions:56 0.0
com.google.javascript.jscomp.CodingConventions:55 0.0
com.google.javascript.rhino.Node:384 0.013662783192936522
com.google.javascript.rhino.jstype.FunctionType:997 0.01233159059167475
com.google.javascript.rhino.jstype.FunctionType:996 0.01233159059167475
com.google.javascript.jscomp.ComposeWarningsGuard:50 0.012531367677927138
com.google.javascript.jscomp.ComposeWarningsGuard:48 0.012531367677927138
com.google.javascript.jscomp.ComposeWarningsGuard:81 0.012531367677927138
com.google.javascript.jscomp.ComposeWarningsGuard:80 0.012531367677927138
com.google.javascript.jscomp.ComposeWarningsGuard:76 0.012531367677927138
com.google.javascript.jscomp.ComposeWarningsGuard:79 0.012531367677927138
com.google.javascript.jscomp.ComposeWarningsGuard:46 0.012531367677927138
com.google.javascript.jscomp.ComposeWarningsGuard:45 0.012531367677927138
com.google.javascript.jscomp.parsing.JsDocInfoParser:2177 0.05598925109558543
com.google.javascript.jscomp.PrepareAst:230 0.0
com.google.javascript.jscomp.parsing.JsDocInfoParser:1722 0.14002800840280097
com.google.javascript.jscomp.parsing.JsDocInfoParser:1721 0.14002800840280097
com.google.javascript.jscomp.TypedScopeCreator:812 0.0
com.google.javascript.jscomp.NodeUtil:2024 0.08512565307587486
com.google.javascript.jscomp.TypedScopeCreator:1591 0.0
com.google.javascript.rhino.jstype.JSTypeRegistry:641 0.01233159059167475
com.google.javascript.rhino.jstype.JSTypeRegistry:640 0.01233159059167475
com.google.javascript.rhino.jstype.JSTypeRegistry:642 0.01233159059167475
com.google.javascript.rhino.JSDocInfo:618 0.016622858516380252
com.google.javascript.rhino.JSDocInfo:619 0.016622858516380252
com.google.javascript.jscomp.TypeCheck:905 0.021422560838887206
com.google.javascript.rhino.Node:2239 0.014515638137083722
com.google.javascript.jscomp.TypeCheck:1062 0.02206478908203439
com.google.javascript.jscomp.TypeCheck:1063 0.02206478908203439
com.google.javascript.jscomp.Scope:565 0.014288630630398279
com.google.javascript.jscomp.Scope:564 0.014288630630398279
com.google.javascript.jscomp.Compiler:1032 0.012664316950280469
com.google.javascript.jscomp.Compiler:1031 0.012664316950280469
com.google.javascript.jscomp.TypedScopeCreator:813 0.0
com.google.javascript.rhino.jstype.ProxyObjectType:64 0.019814609942592133
com.google.javascript.rhino.jstype.ProxyObjectType:65 0.019814609942592133
com.google.javascript.rhino.jstype.ProxyObjectType:66 0.019814609942592133
com.google.javascript.rhino.jstype.JSTypeRegistry:638 0.01233159059167475
com.google.javascript.rhino.jstype.JSTypeRegistry:637 0.01233159059167475
com.google.javascript.jscomp.parsing.IRFactory:116 0.012505863498094339
com.google.javascript.jscomp.parsing.IRFactory:114 0.012505863498094339
com.google.javascript.jscomp.parsing.IRFactory:113 0.012505863498094339
com.google.javascript.jscomp.parsing.IRFactory:129 0.012505863498094339
com.google.javascript.jscomp.parsing.IRFactory:127 0.012505863498094339
com.google.javascript.jscomp.parsing.IRFactory:128 0.012505863498094339
com.google.javascript.jscomp.parsing.IRFactory:109 0.012505863498094339
com.google.javascript.jscomp.Scope:566 0.020399668712070152
com.google.javascript.jscomp.parsing.JsDocTokenStream:238 0.016583953170166487
com.google.javascript.jscomp.parsing.JsDocTokenStream:237 0.016583953170166487
com.google.javascript.rhino.jstype.UnionType:265 0.020589036786063403
com.google.javascript.rhino.jstype.StringType:92 0.01233159059167475
com.google.javascript.rhino.Node:2375 0.012942340885816991
com.google.javascript.rhino.jstype.JSTypeRegistry:634 0.01233159059167475
com.google.javascript.rhino.jstype.JSTypeRegistry:636 0.01233159059167475
com.google.javascript.rhino.JSDocInfo:587 0.01678362716593378
com.google.javascript.jscomp.TypedScopeCreator:1596 0.0
com.google.javascript.jscomp.TypedScopeCreator:1595 0.0
com.google.javascript.rhino.Node:342 0.0
com.google.javascript.jscomp.TypeCheck:902 0.021422560838887206
com.google.javascript.jscomp.TypeCheck:904 0.021422560838887206
com.google.javascript.jscomp.BasicErrorManager:91 0.013503653232365877
com.google.javascript.jscomp.parsing.JsDocInfoParser:1726 0.019248573853813324
com.google.javascript.jscomp.FunctionTypeBuilder:733 0.021506619680967013
com.google.javascript.jscomp.Compiler:195 0.012611834696958783
com.google.javascript.jscomp.Compiler:194 0.012611834696958783
com.google.javascript.jscomp.TypeInference:948 0.03479445003196105
com.google.javascript.jscomp.parsing.JsDocInfoParser:1728 0.019259280394283634
com.google.javascript.jscomp.parsing.JsDocInfoParser:1727 0.019259280394283634
com.google.javascript.rhino.jstype.UnionType:262 0.020575957460157265
com.google.javascript.rhino.InputId:56 0.013380995087937962
com.google.javascript.jscomp.AbstractCompiler:43 0.01251957714590336
com.google.javascript.jscomp.AbstractCompiler:39 0.01251957714590336
com.google.javascript.jscomp.AbstractCompiler:268 0.01251957714590336
com.google.javascript.jscomp.Compiler:1955 0.012630935170956915
com.google.javascript.rhino.jstype.JSType:354 0.01307105788548448
com.google.javascript.rhino.jstype.JSType:1030 0.020734575325515897
com.google.javascript.jscomp.NodeUtil:1696 0.013840913308956662
com.google.javascript.rhino.jstype.ObjectType:294 0.031814238148788886
com.google.javascript.jscomp.FunctionTypeBuilder:499 0.02010075630518424
com.google.javascript.jscomp.PrepareAst:240 0.0
com.google.javascript.rhino.jstype.UnionType:524 0.020437977982832194
com.google.javascript.rhino.jstype.UnionType:526 0.020437977982832194
com.google.javascript.rhino.jstype.UnionType:527 0.020437977982832194
com.google.javascript.rhino.jstype.UnionType:528 0.020437977982832194
com.google.javascript.rhino.Node:1105 0.01261986643456444
com.google.javascript.rhino.jstype.JSType:157 0.01233159059167475
com.google.javascript.rhino.jstype.JSTypeRegistry:875 0.01233159059167475
com.google.javascript.rhino.jstype.VoidType:55 0.01233159059167475
com.google.javascript.rhino.jstype.VoidType:54 0.01233159059167475
com.google.javascript.rhino.Node:864 0.01187116104208156
com.google.javascript.rhino.Node:863 0.01187116104208156
com.google.javascript.rhino.jstype.UnionType:595 0.11043152607484653
com.google.javascript.jscomp.TypedScopeCreator:500 0.0
com.google.javascript.jscomp.TypedScopeCreator:501 0.0
com.google.javascript.jscomp.TypedScopeCreator:503 0.0
com.google.javascript.jscomp.TypeInference:579 0.0209980262782904
com.google.javascript.jscomp.TypeInference:580 0.0209980262782904
com.google.javascript.jscomp.TypeInference:581 0.0209980262782904
com.google.javascript.jscomp.Compiler:406 0.013424330557912196
com.google.javascript.rhino.jstype.JSType:1031 0.020734575325515897
com.google.javascript.rhino.jstype.PrototypeObjectType:275 0.021632053030091192
com.google.javascript.jscomp.DataFlowAnalysis:508 0.0
com.google.javascript.jscomp.DataFlowAnalysis:506 0.0
com.google.javascript.jscomp.DataFlowAnalysis:507 0.0
com.google.javascript.rhino.Node:865 0.011871997599007448
com.google.javascript.jscomp.TypeInference:582 0.0209980262782904
com.google.javascript.jscomp.TypeInference:583 0.0209980262782904
com.google.javascript.rhino.jstype.JSType:1028 0.01233159059167475
com.google.javascript.jscomp.JSModule:205 0.013415871240881371
com.google.javascript.jscomp.parsing.JsDocTokenStream:250 0.016583953170166487
com.google.javascript.jscomp.parsing.JsDocTokenStream:248 0.016583953170166487
com.google.javascript.jscomp.parsing.JsDocTokenStream:249 0.016583953170166487
com.google.javascript.jscomp.parsing.IRFactory:1193 0.017434201093860166
com.google.javascript.rhino.Node:1104 0.01261986643456444
com.google.javascript.jscomp.FunctionTypeBuilder:503 0.02010075630518424
com.google.javascript.jscomp.FunctionTypeBuilder:504 0.02010075630518424
com.google.javascript.rhino.jstype.PrototypeObjectType:184 0.02110531445965636
com.google.javascript.rhino.jstype.PrototypeObjectType:185 0.02110531445965636
com.google.javascript.rhino.jstype.StringType:97 0.01233159059167475
com.google.javascript.jscomp.parsing.IRFactory:1324 0.015661366191164653
com.google.javascript.rhino.jstype.ObjectType:296 0.05423261445466404
com.google.javascript.rhino.jstype.JSType:1079 0.019316685232156395
com.google.javascript.rhino.jstype.ObjectType:295 0.05423261445466404
com.google.javascript.rhino.jstype.JSType:1029 0.020734575325515897
com.google.javascript.rhino.jstype.RecordType:247 0.14285714285714285
com.google.javascript.jscomp.Compiler:408 0.013424330557912196
com.google.javascript.jscomp.parsing.JsDocInfoParser:631 0.021466939537054593
com.google.javascript.jscomp.parsing.JsDocInfoParser:629 0.021466939537054593
com.google.javascript.rhino.jstype.PrototypeObjectType:186 0.05670479771237427
com.google.javascript.rhino.jstype.TemplateType:56 0.02067687437254168
com.google.javascript.rhino.jstype.TemplateType:55 0.02067687437254168
com.google.javascript.rhino.jstype.TemplateType:54 0.02067687437254168
com.google.javascript.jscomp.NodeTraversal:596 0.0142019094330649
com.google.javascript.jscomp.PrepareAst:238 0.0
com.google.javascript.rhino.jstype.PrototypeObjectType:400 0.01233159059167475
com.google.javascript.rhino.jstype.PrototypeObjectType:399 0.01233159059167475
com.google.javascript.rhino.jstype.JSTypeRegistry:645 0.0349002406379888
com.google.javascript.jscomp.CompilerInput:89 0.012654173322741616
com.google.javascript.jscomp.CompilerInput:88 0.012654173322741616
com.google.javascript.rhino.jstype.JSType:1082 0.019331116825676477
com.google.javascript.rhino.Node:1402 0.01515325460564539
com.google.javascript.jscomp.CodingConventions:38 0.012502930717870758
com.google.javascript.rhino.jstype.BooleanType:54 0.01233159059167475
com.google.javascript.rhino.jstype.BooleanType:53 0.01233159059167475
com.google.javascript.jscomp.parsing.JsDocTokenStream:242 0.016583953170166487
com.google.javascript.jscomp.parsing.JsDocTokenStream:243 0.016583953170166487
com.google.javascript.jscomp.FunctionTypeBuilder:495 0.02010075630518424
com.google.javascript.jscomp.PrepareAst:236 0.0
com.google.javascript.jscomp.Compiler:413 0.013424330557912196
com.google.javascript.jscomp.TypeInference:585 0.021398024625545645
com.google.javascript.rhino.jstype.JSType:1024 0.01233159059167475
com.google.javascript.jscomp.Compiler:941 0.013503653232365877
com.google.javascript.jscomp.graph.LinkedDirectedGraph:137 0.01723369655646452
com.google.javascript.rhino.jstype.SimpleSlot:66 0.0300964632714423
com.google.javascript.jscomp.parsing.IRFactory:1207 0.04657464328326223
com.google.javascript.rhino.Node:395 0.013662783192936522
com.google.javascript.rhino.Node:394 0.013662783192936522
com.google.javascript.rhino.Node:393 0.013662783192936522
com.google.javascript.rhino.Node:392 0.013662783192936522
com.google.javascript.rhino.Node:399 0.013662783192936522
com.google.javascript.rhino.Node:398 0.013662783192936522
com.google.javascript.rhino.Node:397 0.013662783192936522
com.google.javascript.rhino.Node:396 0.013662783192936522
com.google.javascript.rhino.Node:391 0.013662783192936522
com.google.javascript.rhino.Node:390 0.013662783192936522
com.google.javascript.rhino.jstype.RecordType:248 0.14285714285714285
com.google.javascript.jscomp.TypeInference:1174 0.03537745688386125
com.google.javascript.jscomp.graph.LinkedDirectedGraph:136 0.01723369655646452
com.google.javascript.jscomp.graph.LinkedDirectedGraph:135 0.01723369655646452
com.google.javascript.rhino.jstype.ArrowType:217 0.021427478217774167
com.google.javascript.rhino.jstype.ArrowType:218 0.021427478217774167
com.google.javascript.jscomp.TypedScopeCreator:1747 0.0
com.google.javascript.jscomp.parsing.IRFactory:432 0.0
com.google.javascript.jscomp.parsing.IRFactory:431 0.0
com.google.javascript.jscomp.parsing.IRFactory:430 0.0
com.google.javascript.rhino.Node:1835 0.012501953582882913
com.google.javascript.rhino.jstype.FunctionBuilder:96 0.01233159059167475
com.google.javascript.rhino.jstype.FunctionBuilder:97 0.01233159059167475
com.google.javascript.rhino.jstype.RecordType:249 0.18257418583505536
com.google.javascript.rhino.jstype.PrototypeObjectType:273 0.02162193750322053
com.google.javascript.rhino.jstype.UnionType:529 0.020437977982832194
com.google.javascript.jscomp.TypedScopeCreator:335 0.019830187468537895
com.google.javascript.jscomp.TypedScopeCreator:336 0.019830187468537895
com.google.javascript.rhino.JSDocInfo:1184 0.02004414573445789
com.google.javascript.jscomp.NodeTraversal:592 0.012610831807632956
com.google.javascript.jscomp.NodeTraversal:591 0.012610831807632956
com.google.javascript.jscomp.parsing.JsDocInfoParser:1668 0.019156525704423027
com.google.javascript.rhino.Node:867 0.01187116104208156
com.google.javascript.rhino.jstype.ArrowType:219 0.021427478217774167
com.google.javascript.jscomp.JSError:116 0.02716629124620806
com.google.javascript.rhino.jstype.JSType:1020 0.01233159059167475
com.google.javascript.rhino.jstype.RecordTypeBuilder:102 0.0
com.google.javascript.jscomp.Compiler:2127 0.020730119630756057
com.google.javascript.rhino.jstype.JSTypeRegistry:650 0.01233159059167475
com.google.javascript.rhino.jstype.RecordType:252 0.16222142113076254
com.google.javascript.rhino.jstype.RecordType:253 0.16222142113076254
com.google.javascript.jscomp.parsing.JsDocInfoParser:2212 0.017256775693210744
com.google.javascript.rhino.jstype.PrototypeObjectType:272 0.02161183615368384
com.google.javascript.rhino.jstype.PrototypeObjectType:271 0.02161183615368384
com.google.javascript.rhino.jstype.ObjectType:654 0.0
com.google.javascript.jscomp.parsing.IRFactory:438 0.0
com.google.javascript.jscomp.NodeUtil:1703 0.01371795029627971
com.google.javascript.jscomp.SourceFile:393 0.0
com.google.javascript.rhino.jstype.JSType:1021 0.02021543147696222
com.google.javascript.jscomp.DiagnosticGroups:58 0.012536290240743358
com.google.javascript.rhino.jstype.ArrowType:221 0.021427478217774167
com.google.javascript.rhino.jstype.PrototypeObjectType:125 0.01233159059167475
com.google.javascript.jscomp.graph.LinkedDirectedGraph:142 0.01723369655646452
com.google.javascript.jscomp.NodeUtil:2815 0.013876848237393777
com.google.javascript.jscomp.FunctionTypeBuilder:370 0.02010075630518424
com.google.javascript.jscomp.NodeTraversal:587 0.0142019094330649
com.google.javascript.jscomp.FunctionTypeBuilder:485 0.02182178902359924
com.google.javascript.jscomp.NodeTraversal:601 0.014334063592841508
com.google.javascript.rhino.Node:2339 0.01259481804649696
com.google.javascript.jscomp.TypedScopeCreator:523 0.0
com.google.javascript.rhino.jstype.FunctionType:1020 0.020117019055664216
com.google.javascript.rhino.jstype.JSTypeRegistry:618 0.01233159059167475
com.google.javascript.rhino.jstype.JSTypeRegistry:619 0.01233159059167475
com.google.javascript.jscomp.TypeInference:595 0.02118092711370637
com.google.javascript.jscomp.parsing.JsDocInfoParser:658 0.021466939537054593
com.google.javascript.jscomp.graph.LinkedDirectedGraph:140 0.01723369655646452
com.google.javascript.jscomp.NodeUtil:2818 0.016497966750889208
com.google.javascript.jscomp.NodeUtil:2817 0.016497966750889208
com.google.javascript.jscomp.NodeTraversal:589 0.012610831807632956
com.google.javascript.jscomp.FunctionTypeBuilder:488 0.02010075630518424
com.google.javascript.rhino.jstype.FunctionType:199 0.01233159059167475
com.google.javascript.jscomp.NodeTraversal:602 0.014334063592841508
com.google.javascript.jscomp.parsing.JsDocInfoParser:1700 0.019305882723026267
com.google.javascript.jscomp.TypedScopeCreator:522 0.0
com.google.javascript.rhino.jstype.ValueType:50 0.01233159059167475
com.google.javascript.rhino.jstype.ValueType:49 0.01233159059167475
com.google.javascript.rhino.jstype.PrototypeObjectType:120 0.01233159059167475
com.google.javascript.jscomp.FunctionTypeBuilder:489 0.020133321342825528
com.google.javascript.jscomp.NodeUtil:2820 0.01837415911436567
com.google.javascript.jscomp.NodeTraversal:603 0.014334063592841508
com.google.javascript.jscomp.NodeTraversal:604 0.014334063592841508
com.google.javascript.jscomp.NodeTraversal:584 0.014619195618433589
com.google.javascript.rhino.jstype.JSType:1041 0.01233159059167475
com.google.javascript.jscomp.TypedScopeCreator:516 0.0
com.google.javascript.rhino.jstype.PrototypeObjectType:122 0.01233159059167475
com.google.javascript.rhino.JSDocInfo:491 0.022524579279982866
com.google.javascript.jscomp.NodeTraversal:586 0.012610831807632956
com.google.javascript.jscomp.TypedScopeCreator:441 0.0
com.google.javascript.jscomp.TypedScopeCreator:442 0.0
com.google.javascript.jscomp.TypedScopeCreator:408 0.0
com.google.javascript.jscomp.TypedScopeCreator:443 0.0
com.google.javascript.jscomp.TypedScopeCreator:428 0.0
com.google.javascript.jscomp.TypedScopeCreator:402 0.0
com.google.javascript.jscomp.TypedScopeCreator:434 0.0
com.google.javascript.jscomp.TypedScopeCreator:420 0.0
com.google.javascript.jscomp.NodeTraversal:608 0.014334063592841508
com.google.javascript.jscomp.NodeTraversal:606 0.014334063592841508
com.google.javascript.jscomp.parsing.JsDocInfoParser:656 0.021466939537054593
com.google.javascript.rhino.jstype.NoType:75 0.01233159059167475
com.google.javascript.jscomp.parsing.JsDocInfoParser:1697 0.019291507529132022
com.google.javascript.jscomp.TypedScopeCreator:515 0.0
com.google.javascript.rhino.jstype.ObjectType:307 0.031814238148788886
com.google.javascript.rhino.jstype.ObjectType:309 0.031814238148788886
com.google.javascript.rhino.jstype.ObjectType:300 0.031814238148788886
com.google.javascript.rhino.jstype.JSType:394 0.022080920281275968
com.google.javascript.jscomp.TypedScopeCreator:511 0.0
com.google.javascript.rhino.jstype.PrototypeObjectType:188 0.021461994946516343
com.google.javascript.rhino.Node:1110 0.012248979932114525
com.google.javascript.rhino.jstype.JSTypeRegistry:103 0.01233159059167475
com.google.javascript.rhino.jstype.JSTypeRegistry:207 0.01233159059167475
com.google.javascript.rhino.jstype.JSTypeRegistry:139 0.01233159059167475
com.google.javascript.rhino.jstype.JSTypeRegistry:206 0.01233159059167475
com.google.javascript.rhino.jstype.JSTypeRegistry:143 0.01233159059167475
com.google.javascript.rhino.jstype.JSTypeRegistry:133 0.01233159059167475
com.google.javascript.rhino.jstype.JSTypeRegistry:193 0.01233159059167475
com.google.javascript.rhino.jstype.JSTypeRegistry:118 0.01233159059167475
com.google.javascript.rhino.jstype.JSTypeRegistry:155 0.01233159059167475
com.google.javascript.rhino.jstype.JSTypeRegistry:212 0.01233159059167475
com.google.javascript.rhino.jstype.JSTypeRegistry:127 0.01233159059167475
com.google.javascript.rhino.jstype.JSTypeRegistry:147 0.01233159059167475
com.google.javascript.rhino.jstype.JSTypeRegistry:208 0.01233159059167475
com.google.javascript.rhino.jstype.JSTypeRegistry:123 0.01233159059167475
com.google.javascript.rhino.jstype.JSTypeRegistry:209 0.01233159059167475
com.google.javascript.rhino.jstype.JSTypeRegistry:210 0.01233159059167475
com.google.javascript.rhino.jstype.JSTypeRegistry:211 0.01233159059167475
com.google.javascript.rhino.jstype.JSTypeRegistry:151 0.01233159059167475
com.google.javascript.rhino.jstype.JSType:1037 0.01233159059167475
com.google.javascript.jscomp.TypedScopeCreator:1824 0.0
com.google.javascript.jscomp.TypedScopeCreator:1836 0.0
com.google.javascript.jscomp.TypedScopeCreator:1838 0.0
com.google.javascript.jscomp.TypedScopeCreator:1840 0.0
com.google.javascript.jscomp.parsing.JsDocInfoParser:1695 0.01926642802132291
com.google.javascript.jscomp.parsing.JsDocInfoParser:1696 0.01926642802132291
com.google.javascript.jscomp.parsing.JsDocInfoParser:669 0.021427478217774167
com.google.javascript.rhino.jstype.JSType:1085 0.019331116825676477
com.google.javascript.rhino.jstype.UnionType:592 0.11043152607484653
com.google.javascript.jscomp.TypedScopeCreator:510 0.0
com.google.javascript.jscomp.PrepareAst:245 0.0
com.google.javascript.rhino.jstype.PrototypeObjectType:512 0.01233159059167475
com.google.javascript.jscomp.NodeTraversal:583 0.012610831807632956
com.google.javascript.jscomp.CompilerOptions:1266 0.013385789425278453
com.google.javascript.jscomp.CompilerOptions:1267 0.013385789425278453
com.google.javascript.jscomp.parsing.JsDocInfoParser:1693 0.02191065522274417
com.google.javascript.rhino.Node:364 0.01181138978153835
com.google.javascript.rhino.Node:365 0.01181138978153835
com.google.javascript.rhino.Node:361 0.01181138978153835
com.google.javascript.rhino.Node:362 0.01181138978153835
com.google.javascript.rhino.Node:363 0.01181138978153835
com.google.javascript.rhino.jstype.JSType:1088 0.019316685232156395
com.google.javascript.rhino.jstype.JSType:1087 0.019316685232156395
com.google.javascript.rhino.jstype.JSType:1089 0.019316685232156395
com.google.javascript.rhino.jstype.JSType:1090 0.019316685232156395
com.google.javascript.jscomp.FunctionTypeBuilder:477 0.02182178902359924
com.google.javascript.jscomp.FunctionTypeBuilder:482 0.02182178902359924
com.google.javascript.rhino.jstype.JSTypeRegistry:620 0.01233159059167475
com.google.javascript.rhino.jstype.JSTypeRegistry:621 0.01233159059167475
com.google.javascript.jscomp.NodeTraversal:222 0.012609829157517467
com.google.javascript.jscomp.NodeTraversal:223 0.012609829157517467
com.google.javascript.rhino.Node:517 0.011875345596140842
com.google.javascript.jscomp.PrepareAst:231 0.0
com.google.javascript.jscomp.CompilerInput:78 0.012653160300018722
com.google.javascript.rhino.jstype.PrototypeObjectType:501 0.01233159059167475
com.google.javascript.jscomp.parsing.JsDocInfoParser:2310 0.016636655330361162
com.google.javascript.jscomp.parsing.JsDocInfoParser:1692 0.019191772331658235
com.google.javascript.rhino.jstype.JSType:1032 0.03990434422338111
com.google.javascript.jscomp.NodeTraversal:597 0.0142019094330649
com.google.javascript.jscomp.FunctionTypeBuilder:483 0.02364257795702247
com.google.javascript.jscomp.NodeTraversal:463 0.015485740327062772
com.google.javascript.jscomp.NodeTraversal:464 0.015485740327062772
com.google.javascript.jscomp.NodeTraversal:465 0.015485740327062772
com.google.javascript.jscomp.NodeUtil:2814 0.013876848237393777
com.google.javascript.jscomp.NodeUtil:2813 0.013876848237393777
com.google.javascript.rhino.jstype.UnionType:593 0.11043152607484653
com.google.javascript.rhino.jstype.UnionType:594 0.11043152607484653
com.google.javascript.jscomp.TypedScopeCreator:505 0.0
com.google.javascript.jscomp.TypedScopeCreator:506 0.0
com.google.javascript.jscomp.TypedScopeCreator:507 0.0
com.google.javascript.rhino.jstype.JSTypeRegistry:625 0.01233159059167475
com.google.javascript.rhino.jstype.JSTypeRegistry:624 0.01233159059167475
com.google.javascript.rhino.jstype.JSTypeRegistry:629 0.01233159059167475
com.google.javascript.rhino.jstype.JSTypeRegistry:628 0.01233159059167475
com.google.javascript.jscomp.Scope:198 0.0
com.google.javascript.jscomp.parsing.JsDocInfoParser:117 0.017579063848365748
com.google.javascript.jscomp.parsing.JsDocInfoParser:116 0.017579063848365748
com.google.javascript.jscomp.PrepareAst:242 0.0
com.google.javascript.jscomp.CompilerInput:72 0.012653160300018722
com.google.javascript.jscomp.CompilerInput:73 0.012653160300018722
com.google.javascript.jscomp.CompilerInput:54 0.012653160300018722
com.google.javascript.jscomp.CompilerInput:74 0.012653160300018722
com.google.javascript.jscomp.CompilerInput:53 0.012653160300018722
com.google.javascript.jscomp.CompilerInput:52 0.012653160300018722
com.google.javascript.jscomp.parsing.IRFactory:377 0.012505863498094339
com.google.javascript.jscomp.ControlFlowGraph:193 0.01880443536111504
com.google.javascript.rhino.jstype.PrototypeObjectType:499 0.01233159059167475
com.google.javascript.jscomp.NodeTraversal:598 0.014591156645246276
com.google.javascript.rhino.jstype.JSType:1034 0.02081076444648586
com.google.javascript.jscomp.TypedScopeCreator:478 0.0
com.google.javascript.jscomp.graph.LinkedDirectedGraph:207 0.017735961445750802
com.google.javascript.jscomp.NodeUtil:1874 0.01647108978476456
com.google.javascript.jscomp.TypedScopeCreator:901 0.0
com.google.javascript.jscomp.TypeValidator:771 0.05643326479831003
com.google.javascript.rhino.JSDocInfo:1140 0.018797789509922808
com.google.javascript.jscomp.FunctionTypeBuilder:220 0.02010075630518424
com.google.javascript.jscomp.FunctionTypeBuilder:221 0.02010075630518424
com.google.javascript.jscomp.FunctionTypeBuilder:222 0.02010075630518424
com.google.javascript.jscomp.FunctionTypeBuilder:215 0.02010075630518424
com.google.javascript.jscomp.FunctionTypeBuilder:216 0.02010075630518424
com.google.javascript.jscomp.FunctionTypeBuilder:217 0.02010075630518424
com.google.javascript.jscomp.FunctionTypeBuilder:218 0.02010075630518424
com.google.javascript.jscomp.FunctionTypeBuilder:219 0.02010075630518424
com.google.javascript.rhino.jstype.JSType:246 0.01233159059167475
com.google.javascript.rhino.jstype.NoObjectType:191 0.01932750589507139
com.google.javascript.jscomp.parsing.JsDocInfoParser:1706 0.01928433196350193
com.google.javascript.jscomp.TypedScopeCreator:899 0.0
com.google.javascript.jscomp.graph.LinkedDirectedGraph:205 0.017735961445750802
com.google.javascript.jscomp.graph.LinkedDirectedGraph:206 0.017735961445750802
com.google.javascript.jscomp.TypedScopeCreator:1065 0.0
com.google.javascript.jscomp.parsing.JsDocTokenStream:163 0.018569533817705187
com.google.javascript.jscomp.parsing.JsDocTokenStream:162 0.018569533817705187
com.google.javascript.jscomp.parsing.JsDocTokenStream:161 0.018569533817705187
com.google.javascript.jscomp.parsing.JsDocTokenStream:160 0.018569533817705187
com.google.javascript.jscomp.FunctionTypeBuilder:640 0.02010075630518424
com.google.javascript.jscomp.FunctionTypeBuilder:638 0.02010075630518424
com.google.javascript.jscomp.parsing.ParserRunner:72 0.012126781251816649
com.google.javascript.jscomp.TypedScopeCreator:1513 0.0
com.google.javascript.rhino.jstype.FunctionType:339 0.01233159059167475
com.google.javascript.rhino.jstype.FunctionType:338 0.01233159059167475
com.google.javascript.jscomp.TypedScopeCreator:907 0.0
com.google.javascript.jscomp.TypedScopeCreator:906 0.0
com.google.javascript.jscomp.TypedScopeCreator:481 0.0
com.google.javascript.jscomp.TypeCheck:1235 0.020707884164064553
com.google.javascript.jscomp.TypeValidator:763 0.05643326479831003
com.google.javascript.jscomp.TypeValidator:764 0.05643326479831003
com.google.javascript.jscomp.parsing.IRFactory:890 0.0
com.google.javascript.jscomp.ClosureCodingConvention:156 0.0292103118918493
com.google.javascript.jscomp.NodeTraversal:433 0.015058465048420854
com.google.javascript.rhino.Node:810 0.012106324603800078
com.google.javascript.jscomp.TypedScopeCreator:484 0.0
com.google.javascript.jscomp.TypedScopeCreator:902 0.0
com.google.javascript.jscomp.parsing.TypeSafeDispatcher:205 0.0132302450416222
com.google.javascript.jscomp.FunctionTypeBuilder:459 0.02231053741265801
com.google.javascript.jscomp.graph.LinkedDirectedGraph:208 0.017977936632415488
com.google.javascript.rhino.jstype.FunctionType:770 0.01233159059167475
com.google.javascript.jscomp.TypeCheck:1234 0.020707884164064553
com.google.javascript.jscomp.FunctionTypeBuilder:76 0.02010075630518424
com.google.javascript.jscomp.FunctionTypeBuilder:78 0.02010075630518424
com.google.javascript.jscomp.FunctionTypeBuilder:79 0.02010075630518424
com.google.javascript.jscomp.FunctionTypeBuilder:85 0.02010075630518424
com.google.javascript.jscomp.FunctionTypeBuilder:84 0.02010075630518424
com.google.javascript.jscomp.FunctionTypeBuilder:87 0.02010075630518424
com.google.javascript.jscomp.FunctionTypeBuilder:86 0.02010075630518424
com.google.javascript.jscomp.FunctionTypeBuilder:81 0.02010075630518424
com.google.javascript.jscomp.FunctionTypeBuilder:80 0.02010075630518424
com.google.javascript.jscomp.FunctionTypeBuilder:83 0.02010075630518424
com.google.javascript.jscomp.FunctionTypeBuilder:82 0.02010075630518424
com.google.javascript.jscomp.FunctionTypeBuilder:212 0.02010075630518424
com.google.javascript.jscomp.FunctionTypeBuilder:213 0.02010075630518424
com.google.javascript.jscomp.FunctionTypeBuilder:631 0.021204723241999273
com.google.javascript.jscomp.Scope:465 0.019834087593950483
com.google.javascript.jscomp.TypeCheck:1096 0.02206478908203439
com.google.javascript.rhino.jstype.RecordTypeBuilder:89 0.07856742013183861
com.google.javascript.jscomp.parsing.JsDocTokenStream:172 0.018695671611766978
com.google.javascript.jscomp.TypeCheck:323 0.027226638505866506
com.google.javascript.jscomp.TypeCheck:321 0.027226638505866506
com.google.javascript.jscomp.ClosureCodingConvention:144 0.03582871819500093
com.google.javascript.jscomp.ClosureCodingConvention:143 0.03582871819500093
com.google.javascript.jscomp.ClosureCodingConvention:142 0.03582871819500093
com.google.javascript.jscomp.TypedScopeCreator:485 0.0
com.google.javascript.rhino.Node:816 0.012435079596732932
com.google.javascript.jscomp.parsing.JsDocInfoParser:1114 0.021461994946516343
com.google.javascript.jscomp.TypedScopeCreator:908 0.0
com.google.javascript.rhino.Node:814 0.012106324603800078
com.google.javascript.rhino.Node:815 0.012106324603800078
com.google.javascript.rhino.jstype.JSType:230 0.0663723311599972
com.google.javascript.rhino.jstype.FunctionType:242 0.04113450348948636
com.google.javascript.rhino.jstype.FunctionType:240 0.030330895164368973
com.google.javascript.rhino.jstype.FunctionType:241 0.04113450348948636
com.google.javascript.jscomp.CodingConventions:184 0.0
com.google.javascript.jscomp.CodingConventions:182 0.0
com.google.javascript.rhino.Node:2347 0.013821069695442011
com.google.javascript.jscomp.parsing.IRFactory:887 0.0
com.google.javascript.jscomp.parsing.IRFactory:886 0.0
com.google.javascript.jscomp.FunctionTypeBuilder:630 0.02010075630518424
com.google.javascript.jscomp.TypeInferencePass:69 0.020161945963637795
com.google.javascript.jscomp.TypeInferencePass:72 0.020161945963637795
com.google.javascript.jscomp.TypeInferencePass:73 0.020161945963637795
com.google.javascript.jscomp.parsing.JsDocTokenStream:468 0.016572562308756485
com.google.javascript.jscomp.parsing.JsDocTokenStream:466 0.016572562308756485
com.google.javascript.jscomp.parsing.JsDocTokenStream:46 0.016572562308756485
com.google.javascript.jscomp.parsing.JsDocTokenStream:47 0.016572562308756485
com.google.javascript.jscomp.parsing.JsDocTokenStream:465 0.016572562308756485
com.google.javascript.jscomp.parsing.JsDocTokenStream:45 0.016572562308756485
com.google.javascript.jscomp.parsing.JsDocTokenStream:51 0.016572562308756485
com.google.javascript.jscomp.parsing.JsDocTokenStream:463 0.016572562308756485
com.google.javascript.jscomp.parsing.JsDocTokenStream:50 0.016572562308756485
com.google.javascript.jscomp.parsing.JsDocTokenStream:49 0.016572562308756485
com.google.javascript.jscomp.parsing.JsDocTokenStream:460 0.016572562308756485
com.google.javascript.jscomp.parsing.JsDocTokenStream:48 0.016572562308756485
com.google.javascript.jscomp.parsing.JsDocTokenStream:53 0.016572562308756485
com.google.javascript.jscomp.parsing.JsDocTokenStream:52 0.016572562308756485
com.google.javascript.jscomp.parsing.JsDocTokenStream:456 0.016572562308756485
com.google.javascript.jscomp.parsing.JsDocTokenStream:454 0.016572562308756485
com.google.javascript.jscomp.TypeInferencePass:77 0.020161945963637795
com.google.javascript.jscomp.TypeInferencePass:79 0.020161945963637795
com.google.javascript.jscomp.TypeInferencePass:80 0.020161945963637795
com.google.javascript.rhino.Node:818 0.012242552671859794
com.google.javascript.rhino.JSDocInfo:579 0.020365796262448638
com.google.javascript.jscomp.TypedScopeCreator:486 0.0
com.google.javascript.jscomp.ClosureCodingConvention:141 0.03522349768381734
com.google.javascript.rhino.Node:1196 0.012246224152725615
com.google.javascript.jscomp.parsing.JsDocTokenStream:179 0.018695671611766978
com.google.javascript.rhino.JSDocInfoBuilder:162 0.016664352333993333
com.google.javascript.rhino.JSDocInfoBuilder:161 0.016664352333993333
com.google.javascript.jscomp.Scope:578 0.01735264020984512
com.google.javascript.rhino.jstype.FunctionType:432 0.021349204063136496
com.google.javascript.jscomp.parsing.IRFactory:888 0.0
com.google.javascript.jscomp.Compiler:494 0.013424330557912196
com.google.javascript.jscomp.TypedScopeCreator:1064 0.0
com.google.javascript.jscomp.TypedScopeCreator:1060 0.0
com.google.javascript.jscomp.RhinoErrorReporter:147 0.0
com.google.javascript.jscomp.TypedScopeCreator:924 0.0
com.google.javascript.jscomp.FunctionTypeBuilder:470 0.02182178902359924
com.google.javascript.jscomp.parsing.JsDocInfoParser:1116 0.021461994946516343
com.google.javascript.jscomp.parsing.JsDocInfoParser:1119 0.021461994946516343
com.google.javascript.jscomp.parsing.JsDocInfoParser:1118 0.021461994946516343
com.google.javascript.jscomp.parsing.JsDocInfoParser:1115 0.021461994946516343
com.google.javascript.jscomp.ClosureCodingConvention:149 0.028194193721730047
com.google.javascript.rhino.JSDocInfoBuilder:687 0.19611613513818404
com.google.javascript.rhino.JSDocInfoBuilder:686 0.19611613513818404
com.google.javascript.rhino.JSDocInfoBuilder:685 0.19611613513818404
com.google.javascript.rhino.jstype.RecordTypeBuilder:85 0.07856742013183861
com.google.javascript.jscomp.parsing.JsDocTokenStream:167 0.03398138330152924
com.google.javascript.jscomp.parsing.JsDocTokenStream:166 0.03398138330152924
com.google.javascript.jscomp.parsing.JsDocTokenStream:165 0.03398138330152924
com.google.javascript.jscomp.parsing.JsDocTokenStream:164 0.03398138330152924
com.google.javascript.rhino.jstype.NoObjectType:95 0.022233204294660427
com.google.javascript.jscomp.TypedScopeCreator:488 0.0
com.google.javascript.rhino.jstype.FunctionType:239 0.030330895164368973
com.google.javascript.rhino.jstype.FunctionType:238 0.030330895164368973
com.google.javascript.rhino.JSDocInfo:941 0.016611387354627385
com.google.javascript.jscomp.FunctionTypeBuilder:634 0.02010075630518424
com.google.javascript.jscomp.Compiler:493 0.013424330557912196
com.google.javascript.jscomp.TypedScopeCreator:923 0.0
com.google.javascript.jscomp.TypedScopeCreator:912 0.0
com.google.javascript.jscomp.LinkedFlowScope:369 0.0
com.google.javascript.jscomp.LinkedFlowScope:371 0.0
com.google.javascript.jscomp.LinkedFlowScope:370 0.0
com.google.javascript.jscomp.parsing.JsDocTokenStream:171 0.018695671611766978
com.google.javascript.jscomp.parsing.JsDocTokenStream:170 0.018695671611766978
com.google.javascript.rhino.JSDocInfoBuilder:684 0.19611613513818404
com.google.javascript.rhino.JSDocInfoBuilder:149 0.016664352333993333
com.google.javascript.rhino.JSDocInfoBuilder:151 0.016664352333993333
com.google.javascript.jscomp.TypedScopeCreator:489 0.0
com.google.javascript.jscomp.parsing.TypeSafeDispatcher:219 0.027461751819054487
com.google.javascript.jscomp.Compiler:996 0.01404555337252126
com.google.javascript.jscomp.CompilerOptions:1027 0.012536290240743358
com.google.javascript.rhino.jstype.FunctionType:246 0.030330895164368973
com.google.javascript.jscomp.SourceFile:87 0.01254220498051134
com.google.javascript.jscomp.TypedScopeCreator:1631 0.0
com.google.javascript.jscomp.parsing.JsDocInfoParser:1126 0.021461994946516343
com.google.javascript.jscomp.TypedScopeCreator:487 0.0
com.google.javascript.jscomp.FunctionTypeBuilder:444 0.02010075630518424
com.google.javascript.jscomp.graph.Graph:123 0.018566333001716968
com.google.javascript.jscomp.TypedScopeCreator:1077 0.0
com.google.javascript.jscomp.TypedScopeCreator:1076 0.0
com.google.javascript.rhino.Node:1243 0.021011927654376678
com.google.javascript.jscomp.ControlFlowAnalysis:71 0.0
com.google.javascript.jscomp.TypedScopeCreator:928 0.0
com.google.javascript.rhino.jstype.ArrowType:64 0.01233159059167475
com.google.javascript.rhino.jstype.ArrowType:65 0.01233159059167475
com.google.javascript.jscomp.TypedScopeCreator:1524 0.0
com.google.javascript.jscomp.TypedScopeCreator:1526 0.0
com.google.javascript.jscomp.Compiler:382 0.013424330557912196
com.google.javascript.jscomp.parsing.TypeSafeDispatcher:232 0.01383693774853889
com.google.javascript.jscomp.Compiler:324 0.013459547551454138
com.google.javascript.jscomp.Compiler:325 0.013459547551454138
com.google.javascript.rhino.jstype.UnknownType:80 0.06696495301824251
com.google.javascript.rhino.jstype.FunctionType:245 0.04113450348948636
com.google.javascript.rhino.jstype.FunctionParamBuilder:95 0.01233159059167475
com.google.javascript.jscomp.TypedScopeCreator:495 0.0
com.google.javascript.jscomp.Scope:509 0.014133657971481205
com.google.javascript.jscomp.graph.Graph:121 0.018566333001716968
com.google.javascript.jscomp.TypeCheck:1099 0.022086305214969307
com.google.javascript.jscomp.TypeValidator:129 0.019830187468537895
com.google.javascript.jscomp.TypeValidator:127 0.019830187468537895
com.google.javascript.jscomp.TypeValidator:68 0.019830187468537895
com.google.javascript.jscomp.TypeValidator:128 0.019830187468537895
com.google.javascript.jscomp.TypeValidator:126 0.019830187468537895
com.google.javascript.jscomp.TypeValidator:131 0.019830187468537895
com.google.javascript.jscomp.TypeValidator:133 0.019830187468537895
com.google.javascript.jscomp.TypeValidator:62 0.019830187468537895
com.google.javascript.rhino.Node:1213 0.012359815830228407
com.google.javascript.jscomp.parsing.JsDocInfoParser:1123 0.021471887546694362
com.google.javascript.jscomp.parsing.JsDocInfoParser:1120 0.021471887546694362
com.google.javascript.jscomp.parsing.JsDocInfoParser:1121 0.021471887546694362
com.google.javascript.rhino.Node:1245 0.017817416127494958
com.google.javascript.rhino.jstype.FunctionType:765 0.01233159059167475
com.google.javascript.jscomp.TypeInferencePass:68 0.020161945963637795
com.google.javascript.jscomp.SourceFile:93 0.01254220498051134
com.google.javascript.jscomp.SourceFile:92 0.01254220498051134
com.google.javascript.jscomp.SourceFile:94 0.01254220498051134
com.google.javascript.jscomp.SourceFile:90 0.01254220498051134
com.google.javascript.jscomp.TypedScopeCreator:927 0.0
com.google.javascript.jscomp.TypedScopeCreator:925 0.0
com.google.javascript.rhino.Node:1877 0.017407765595569783
com.google.javascript.rhino.Node:1876 0.017407765595569783
com.google.javascript.rhino.JSDocInfo:995 0.019280747181992474
com.google.javascript.jscomp.Scope:512 0.014133657971481205
com.google.javascript.jscomp.Scope:513 0.014133657971481205
com.google.javascript.jscomp.Scope:411 0.014000056000336
com.google.javascript.jscomp.Scope:414 0.014000056000336
com.google.javascript.jscomp.Scope:415 0.014000056000336
com.google.javascript.jscomp.Scope:412 0.014000056000336
com.google.javascript.jscomp.Scope:413 0.014000056000336
com.google.javascript.jscomp.Scope:417 0.014000056000336
com.google.javascript.jscomp.Scope:416 0.014000056000336
com.google.javascript.jscomp.Compiler:322 0.013461986538074042
com.google.javascript.jscomp.Compiler:320 0.013459547551454138
com.google.javascript.jscomp.Compiler:321 0.013461986538074042
com.google.javascript.jscomp.parsing.JsDocTokenStream:180 0.018708754658582804
com.google.javascript.rhino.jstype.JSType:226 0.06441566264008308
com.google.javascript.rhino.jstype.FunctionType:312 0.01233159059167475
com.google.javascript.rhino.jstype.FunctionType:311 0.01233159059167475
com.google.javascript.jscomp.FunctionTypeBuilder:442 0.02010075630518424
com.google.javascript.jscomp.FunctionTypeBuilder:443 0.02010075630518424
com.google.javascript.jscomp.TypeInferencePass:67 0.020161945963637795
com.google.javascript.rhino.Node:1904 0.01233159059167475
com.google.javascript.rhino.Node:1903 0.01233159059167475
com.google.javascript.rhino.Node:1211 0.01249219481659769
com.google.javascript.rhino.jstype.UnknownType:196 0.019320290100197885
com.google.javascript.jscomp.FunctionTypeBuilder:627 0.020641604625120283
com.google.javascript.jscomp.FunctionTypeBuilder:619 0.020641604625120283
com.google.javascript.jscomp.TypedScopeCreator:714 0.0
com.google.javascript.jscomp.Compiler:378 0.013424330557912196
com.google.javascript.rhino.jstype.FunctionType:189 0.01233159059167475
com.google.javascript.jscomp.parsing.JsDocTokenStream:186 0.018698939800169144
com.google.javascript.jscomp.parsing.JsDocTokenStream:184 0.018698939800169144
com.google.javascript.jscomp.parsing.JsDocTokenStream:185 0.018698939800169144
com.google.javascript.jscomp.parsing.JsDocTokenStream:182 0.018698939800169144
com.google.javascript.jscomp.parsing.JsDocTokenStream:183 0.018698939800169144
com.google.javascript.rhino.jstype.FunctionType:310 0.01233159059167475
com.google.javascript.jscomp.FunctionTypeBuilder:439 0.023498534324630827
com.google.javascript.rhino.Node:1210 0.01234661995811987
com.google.javascript.jscomp.TypedScopeCreator:1071 0.0
com.google.javascript.jscomp.ClosureCodingConvention:139 0.028194193721730047
com.google.javascript.jscomp.ClosureCodingConvention:138 0.028194193721730047
com.google.javascript.jscomp.SourceFile:165 0.012543191584641126
com.google.javascript.jscomp.SourceFile:164 0.012543191584641126
com.google.javascript.jscomp.Scope:506 0.014133657971481205
com.google.javascript.jscomp.MemoizedScopeCreator:85 0.038895492079220696
com.google.javascript.rhino.JSDocInfo:996 0.01940376314265832
com.google.javascript.jscomp.TypedScopeCreator:701 0.0
com.google.javascript.jscomp.TypedScopeCreator:937 0.0
com.google.javascript.jscomp.FunctionTypeBuilder:610 0.021281413268968714
com.google.javascript.jscomp.DiagnosticGroup:129 0.012536290240743358
com.google.javascript.jscomp.TypedScopeCreator:1531 0.0
com.google.javascript.rhino.jstype.ObjectType:426 0.012981540392700207
com.google.javascript.jscomp.DiagnosticGroupWarningsGuard:50 0.0125699182197496
com.google.javascript.jscomp.TypedScopeCreator:934 0.0
com.google.javascript.jscomp.Compiler:319 0.013459547551454138
com.google.javascript.jscomp.FunctionTypeBuilder:458 0.02182178902359924
com.google.javascript.rhino.jstype.FunctionType:768 0.01233159059167475
com.google.javascript.rhino.Node:1167 0.01250488567538687
com.google.javascript.jscomp.graph.LinkedDirectedGraph:212 0.01804513318462704
com.google.javascript.jscomp.FunctionTypeBuilder:456 0.02182178902359924
com.google.javascript.jscomp.FunctionTypeBuilder:455 0.02182178902359924
com.google.javascript.jscomp.FunctionTypeBuilder:454 0.02182178902359924
com.google.javascript.jscomp.FunctionTypeBuilder:451 0.02182178902359924
com.google.javascript.jscomp.FunctionTypeBuilder:450 0.02182178902359924
com.google.javascript.jscomp.FunctionTypeBuilder:449 0.02010075630518424
com.google.javascript.jscomp.TypedScopeCreator:1629 0.0
com.google.javascript.jscomp.TypedScopeCreator:1628 0.0
com.google.javascript.jscomp.Scope:503 0.014133657971481205
com.google.javascript.jscomp.Compiler:1928 0.012630935170956915
com.google.javascript.jscomp.FunctionTypeBuilder:609 0.02010075630518424
com.google.javascript.jscomp.DiagnosticGroup:110 0.012558018641613912
com.google.javascript.rhino.JSDocInfo:998 0.02279803762937766
com.google.javascript.jscomp.DiagnosticGroupWarningsGuard:51 0.013750333019910538
com.google.javascript.rhino.jstype.FunctionParamBuilder:108 0.01233159059167475
com.google.javascript.rhino.jstype.FunctionParamBuilder:107 0.01233159059167475
com.google.javascript.jscomp.TypeCheck:1664 0.03673591791853225
com.google.javascript.jscomp.TypeCheck:1660 0.03673591791853225
com.google.javascript.jscomp.TypedScopeCreator:705 0.0
com.google.javascript.jscomp.TypedScopeCreator:933 0.0
com.google.javascript.rhino.jstype.FunctionType:766 0.01233159059167475
com.google.javascript.rhino.jstype.FunctionType:767 0.01233159059167475
com.google.javascript.rhino.Node:1165 0.01250488567538687
com.google.javascript.rhino.Node:1166 0.01250488567538687
com.google.javascript.jscomp.TypedScopeCreator:1630 0.0
com.google.javascript.jscomp.LinkedFlowScope:397 0.0
com.google.javascript.jscomp.LinkedFlowScope:387 0.0
com.google.javascript.jscomp.LinkedFlowScope:402 0.0
com.google.javascript.jscomp.LinkedFlowScope:403 0.0
com.google.javascript.jscomp.LinkedFlowScope:400 0.0
com.google.javascript.jscomp.LinkedFlowScope:401 0.0
com.google.javascript.jscomp.LinkedFlowScope:404 0.0
com.google.javascript.rhino.Node:338 0.0
com.google.javascript.rhino.Node:337 0.0
com.google.javascript.rhino.Node:336 0.0
com.google.javascript.jscomp.InferJSDocInfo:68 0.020641604625120283
com.google.javascript.jscomp.InferJSDocInfo:69 0.020641604625120283
com.google.javascript.jscomp.InferJSDocInfo:70 0.020641604625120283
com.google.javascript.jscomp.TypedScopeCreator:1527 0.0
com.google.javascript.jscomp.TypedScopeCreator:1528 0.0
com.google.javascript.jscomp.TypedScopeCreator:706 0.0
com.google.javascript.rhino.jstype.FunctionParamBuilder:105 0.01233159059167475
com.google.javascript.jscomp.FunctionTypeBuilder:448 0.02010075630518424
com.google.javascript.jscomp.FunctionTypeBuilder:447 0.02010075630518424
com.google.javascript.jscomp.MemoizedScopeCreator:87 0.02015375504476893
com.google.javascript.jscomp.FunctionTypeBuilder:611 0.020562903028816623
com.google.javascript.jscomp.SourceFile:59 0.01254220498051134
com.google.javascript.jscomp.SourceFile:77 0.01254220498051134
com.google.javascript.jscomp.SourceFile:69 0.01254220498051134
com.google.javascript.jscomp.SourceFile:86 0.01254220498051134
com.google.javascript.jscomp.SourceFile:66 0.01254220498051134
com.google.javascript.jscomp.DiagnosticGroupWarningsGuard:52 0.013750333019910538
com.google.javascript.jscomp.TypedScopeCreator:944 0.0
com.google.javascript.jscomp.parsing.TypeSafeDispatcher:236 0.015184667582224538
com.google.javascript.jscomp.TypedScopeCreator:707 0.0
com.google.javascript.jscomp.ControlFlowAnalysis:795 0.018521694664415903
com.google.javascript.rhino.jstype.FunctionParamBuilder:104 0.01233159059167475
com.google.javascript.rhino.Node:1242 0.017256775693210744
com.google.javascript.rhino.Node:1169 0.01250488567538687
com.google.javascript.rhino.Node:1170 0.01250488567538687
com.google.javascript.jscomp.graph.LinkedDirectedGraph:214 0.017735961445750802
com.google.javascript.jscomp.FunctionTypeBuilder:383 0.02214037213850238
com.google.javascript.jscomp.FunctionTypeBuilder:382 0.02214037213850238
com.google.javascript.jscomp.MemoizedScopeCreator:81 0.02015375504476893
com.google.javascript.jscomp.MemoizedScopeCreator:80 0.02015375504476893
com.google.javascript.jscomp.BasicErrorManager:164 0.0
com.google.javascript.jscomp.SourceFile:42 0.012543191584641126
com.google.javascript.jscomp.PrepareAst:149 0.0
com.google.javascript.jscomp.TypeInferencePass:125 0.0
com.google.javascript.jscomp.TypedScopeCreator:1458 0.0
com.google.javascript.rhino.Node:567 0.0173265734380163
com.google.javascript.rhino.jstype.ArrowType:271 0.019331116825676477
com.google.javascript.rhino.JSDocInfoBuilder:980 0.017697036260052198
com.google.javascript.jscomp.TypedScopeCreator:700 0.0
com.google.javascript.jscomp.DiagnosticGroupWarningsGuard:55 0.013750333019910538
com.google.javascript.rhino.jstype.RecordType:117 0.2886751345948129
com.google.javascript.rhino.jstype.JSTypeRegistry:239 0.01233159059167475
com.google.javascript.rhino.jstype.JSTypeRegistry:238 0.01233159059167475
com.google.javascript.rhino.jstype.JSTypeRegistry:244 0.01233159059167475
com.google.javascript.rhino.jstype.JSTypeRegistry:242 0.01233159059167475
com.google.javascript.rhino.jstype.JSTypeRegistry:243 0.01233159059167475
com.google.javascript.rhino.jstype.JSTypeRegistry:240 0.01233159059167475
com.google.javascript.rhino.jstype.JSTypeRegistry:241 0.01233159059167475
com.google.javascript.jscomp.FunctionTypeBuilder:599 0.02010075630518424
com.google.javascript.rhino.Node:2219 0.051708768999501914
com.google.javascript.rhino.JSTypeExpression:86 0.02184260141652595
com.google.javascript.jscomp.FunctionTypeBuilder:381 0.02214037213850238
com.google.javascript.jscomp.FunctionTypeBuilder:379 0.02214037213850238
com.google.javascript.jscomp.TypeCheck:1676 0.03673591791853225
com.google.javascript.jscomp.TypeCheck:1670 0.03673591791853225
com.google.javascript.jscomp.TypeCheck:1672 0.03673591791853225
com.google.javascript.rhino.Node:1921 0.012532351726590002
com.google.javascript.rhino.Node:1920 0.012532351726590002
com.google.javascript.jscomp.TypedScopeCreator:1456 0.0
com.google.javascript.jscomp.TypedScopeCreator:1457 0.0
com.google.javascript.jscomp.TypedScopeCreator:1455 0.0
com.google.javascript.jscomp.TypedScopeCreator:1454 0.0
com.google.javascript.rhino.jstype.ArrowType:267 0.019331116825676477
com.google.javascript.rhino.jstype.ArrowType:268 0.019331116825676477
com.google.javascript.jscomp.FunctionTypeBuilder:428 0.02010075630518424
com.google.javascript.jscomp.graph.LinkedDirectedGraph:177 0.01728252824550709
com.google.javascript.jscomp.DiagnosticGroupWarningsGuard:53 0.013758139056883268
com.google.javascript.jscomp.TypeInferencePass:115 0.0
com.google.javascript.jscomp.Compiler:1933 0.012630935170956915
com.google.javascript.jscomp.FunctionTypeBuilder:600 0.022054054569561544
com.google.javascript.rhino.jstype.RecordType:116 0.2886751345948129
com.google.javascript.rhino.jstype.RecordType:113 0.2581988897471611
com.google.javascript.rhino.jstype.RecordType:112 0.2581988897471611
com.google.javascript.rhino.jstype.RecordTypeBuilder:76 0.07856742013183861
com.google.javascript.rhino.jstype.RecordTypeBuilder:75 0.07856742013183861
com.google.javascript.jscomp.TypeValidator:656 0.03883678186903087
com.google.javascript.jscomp.TypeValidator:657 0.03883678186903087
com.google.javascript.jscomp.TypeValidator:658 0.03883678186903087
com.google.javascript.rhino.InputId:51 0.012266476510495826
com.google.javascript.rhino.InputId:53 0.012266476510495826
com.google.javascript.rhino.InputId:52 0.012266476510495826
com.google.javascript.jscomp.TypeCheck:1669 0.03673591791853225
com.google.javascript.jscomp.TypeCheck:1667 0.03673591791853225
com.google.javascript.jscomp.TypeInferencePass:113 0.0
com.google.javascript.jscomp.FunctionTypeBuilder:603 0.02010075630518424
com.google.javascript.rhino.jstype.InstanceObjectType:77 0.01233159059167475
com.google.javascript.jscomp.Compiler:1935 0.012630935170956915
com.google.javascript.rhino.jstype.UnionTypeBuilder:248 0.01233159059167475
com.google.javascript.jscomp.parsing.TypeSafeDispatcher:173 0.013639886789409469
com.google.javascript.jscomp.TypeValidator:780 0.038014296063485276
com.google.javascript.jscomp.graph.LinkedDirectedGraph:450 0.0
com.google.javascript.jscomp.graph.LinkedDirectedGraph:449 0.0
com.google.javascript.jscomp.MemoizedScopeCreator:83 0.02015375504476893
com.google.javascript.jscomp.MemoizedScopeCreator:82 0.02015375504476893
com.google.javascript.jscomp.Scope:521 0.02293553851298437
com.google.javascript.jscomp.DiagnosticGroupWarningsGuard:58 0.017699808135119715
com.google.javascript.jscomp.TypeInferencePass:110 0.0
com.google.javascript.jscomp.TypeInferencePass:111 0.0
com.google.javascript.jscomp.TypeInferencePass:112 0.0
com.google.javascript.jscomp.TypeCheck:1069 0.02206478908203439
com.google.javascript.jscomp.parsing.TypeSafeDispatcher:174 0.013789496679456848
com.google.javascript.jscomp.parsing.IRFactory:463 0.0
com.google.javascript.rhino.jstype.FunctionType:505 0.01233159059167475
com.google.javascript.rhino.jstype.RecordTypeBuilder:71 0.07856742013183861
com.google.javascript.rhino.jstype.RecordTypeBuilder:72 0.07856742013183861
com.google.javascript.jscomp.FunctionTypeBuilder:388 0.02214037213850238
com.google.javascript.jscomp.TypeValidator:659 0.0842151921066519
com.google.javascript.jscomp.TypeValidator:804 0.0
com.google.javascript.jscomp.TypeValidator:805 0.0
com.google.javascript.jscomp.TypeValidator:806 0.0
com.google.javascript.jscomp.TypeValidator:807 0.0
com.google.javascript.jscomp.TypeValidator:803 0.0
com.google.javascript.jscomp.BasicErrorManager:172 0.0
com.google.javascript.rhino.jstype.ArrowType:264 0.019331116825676477
com.google.javascript.rhino.jstype.ArrowType:265 0.019331116825676477
com.google.javascript.jscomp.FunctionTypeBuilder:844 0.0
com.google.javascript.jscomp.FunctionTypeBuilder:845 0.0
com.google.javascript.jscomp.ControlFlowAnalysis:806 0.018521694664415903
com.google.javascript.jscomp.TypeValidator:781 0.038124642583151166
com.google.javascript.rhino.jstype.JSType:803 0.035245368842512066
com.google.javascript.jscomp.FunctionTypeBuilder:593 0.02010075630518424
com.google.javascript.jscomp.parsing.IRFactory:462 0.0
com.google.javascript.jscomp.parsing.JsDocInfoParser:2114 0.1414213562373095
com.google.javascript.jscomp.Compiler:1940 0.013485223234378915
com.google.javascript.jscomp.Compiler:1941 0.013485223234378915
com.google.javascript.jscomp.TypeCheck:1691 0.03673591791853225
com.google.javascript.rhino.jstype.UnionTypeBuilder:251 0.01233159059167475
com.google.javascript.rhino.JSDocInfo:1390 0.016764747939299315
com.google.javascript.jscomp.TypedScopeCreator:1475 0.0
com.google.javascript.jscomp.TypedScopeCreator:1474 0.0
com.google.javascript.jscomp.PrepareAst:139 0.0
com.google.javascript.rhino.jstype.UnionType:274 0.07602859212697055
com.google.javascript.rhino.JSDocInfo:350 0.01914598952668709
com.google.javascript.rhino.JSDocInfo:349 0.01914598952668709
com.google.javascript.jscomp.TypeValidator:783 0.038014296063485276
com.google.javascript.jscomp.FunctionTypeBuilder:384 0.02214037213850238
com.google.javascript.jscomp.CodingConvention:342 0.0
com.google.javascript.jscomp.CodingConvention:341 0.0
com.google.javascript.jscomp.SuppressDocWarningsGuard:76 0.026082026547865053
com.google.javascript.rhino.jstype.FunctionType:320 0.01233159059167475
com.google.javascript.jscomp.FunctionTypeBuilder:437 0.02010075630518424
com.google.javascript.jscomp.FunctionTypeBuilder:438 0.02010075630518424
com.google.javascript.jscomp.CompilerOptions:1270 0.012620871481070599
com.google.javascript.rhino.jstype.UnionTypeBuilder:250 0.01233159059167475
com.google.javascript.rhino.jstype.UnionTypeBuilder:249 0.01233159059167475
com.google.javascript.jscomp.TypeCheck:1687 0.03742405942825599
com.google.javascript.jscomp.DiagnosticType:121 0.021081851067789197
com.google.javascript.rhino.jstype.UnionType:276 0.09166984970282113
com.google.javascript.jscomp.BasicErrorManager:170 0.0
com.google.javascript.jscomp.BasicErrorManager:169 0.0
com.google.javascript.jscomp.BasicErrorManager:168 0.0
com.google.javascript.jscomp.TypeCheck:1072 0.02206478908203439
com.google.javascript.jscomp.TypeCheck:1071 0.02206478908203439
com.google.javascript.jscomp.PrepareAst:141 0.0
com.google.javascript.jscomp.PrepareAst:142 0.0
com.google.javascript.rhino.jstype.FunctionType:329 0.01233159059167475
com.google.javascript.jscomp.TypeValidator:662 0.0436852028330519
com.google.javascript.jscomp.TypeValidator:663 0.0436852028330519
com.google.javascript.rhino.jstype.ArrowType:266 0.019331116825676477
com.google.javascript.jscomp.PrepareAst:145 0.0
com.google.javascript.jscomp.PrepareAst:146 0.0
com.google.javascript.jscomp.TypeCheck:1074 0.022091694090300196
com.google.javascript.jscomp.parsing.TypeSafeDispatcher:186 0.017434201093860166
com.google.javascript.jscomp.Compiler:1949 0.012630935170956915
com.google.javascript.jscomp.graph.Graph:120 0.018566333001716968
com.google.javascript.jscomp.FunctionTypeBuilder:595 0.024791695181436636
com.google.javascript.jscomp.FunctionTypeBuilder:596 0.024791695181436636
com.google.javascript.jscomp.TypeCheck:1681 0.03673591791853225
com.google.javascript.jscomp.TypeCheck:1683 0.03673591791853225
com.google.javascript.rhino.jstype.UnionTypeBuilder:254 0.01233159059167475
com.google.javascript.rhino.jstype.JSTypeRegistry:1226 0.01233159059167475
com.google.javascript.jscomp.parsing.ParserRunner:118 0.012535305264097504
com.google.javascript.jscomp.parsing.ParserRunner:115 0.012535305264097504
com.google.javascript.jscomp.parsing.ParserRunner:114 0.012535305264097504
com.google.javascript.jscomp.parsing.ParserRunner:113 0.012535305264097504
com.google.javascript.jscomp.parsing.ParserRunner:112 0.012535305264097504
com.google.javascript.jscomp.parsing.ParserRunner:110 0.012535305264097504
com.google.javascript.jscomp.parsing.ParserRunner:111 0.012535305264097504
com.google.javascript.jscomp.parsing.ParserRunner:109 0.012535305264097504
com.google.javascript.jscomp.TypeCheck:1244 0.053074489243427524
com.google.javascript.jscomp.TypeCheck:1245 0.053074489243427524
com.google.javascript.jscomp.TypeCheck:1246 0.053074489243427524
com.google.javascript.rhino.jstype.JSType:318 0.01233159059167475
com.google.javascript.jscomp.FunctionTypeBuilder:712 0.021837392736013945
com.google.javascript.rhino.JSDocInfo:442 0.018904976633935942
com.google.javascript.jscomp.BasicErrorManager:174 0.0
com.google.javascript.rhino.jstype.RecordType:102 0.17677669529663687
com.google.javascript.rhino.jstype.RecordType:103 0.17677669529663687
com.google.javascript.jscomp.Compiler:487 0.013424330557912196
com.google.javascript.jscomp.Compiler:489 0.013424330557912196
com.google.javascript.jscomp.Compiler:488 0.013424330557912196
com.google.javascript.jscomp.Compiler:490 0.013424330557912196
com.google.javascript.jscomp.TypedScopeCreator:1991 0.02009263970630489
com.google.javascript.jscomp.Compiler:1987 0.026028960314767677
com.google.javascript.jscomp.TypedScopeCreator:470 0.0
com.google.javascript.jscomp.TypedScopeCreator:469 0.0
com.google.javascript.rhino.JSDocInfo:1401 0.03901371573204352
com.google.javascript.jscomp.parsing.JsDocInfoParser:2099 0.1414213562373095
com.google.javascript.jscomp.parsing.JsDocInfoParser:2102 0.1414213562373095
com.google.javascript.jscomp.parsing.JsDocInfoParser:2101 0.1414213562373095
com.google.javascript.jscomp.ClosureCodingConvention:51 0.012508798343090686
com.google.javascript.jscomp.ClosureCodingConvention:50 0.012508798343090686
com.google.javascript.jscomp.ClosureCodingConvention:285 0.012508798343090686
com.google.javascript.rhino.jstype.VoidType:101 0.01233159059167475
com.google.javascript.jscomp.NodeUtil:1562 0.034001020045902296
com.google.javascript.jscomp.Scope:524 0.02293553851298437
com.google.javascript.jscomp.Scope:522 0.02293553851298437
com.google.javascript.jscomp.Scope:523 0.02293553851298437
com.google.javascript.rhino.jstype.ObjectType:152 0.021011927654376678
com.google.javascript.rhino.jstype.ObjectType:151 0.021011927654376678
com.google.javascript.rhino.jstype.PrototypeObjectType:516 0.01233159059167475
com.google.javascript.rhino.jstype.RecordType:98 0.17407765595569785
com.google.javascript.jscomp.parsing.JsDocInfoParser:2103 0.1414213562373095
com.google.javascript.jscomp.TypeValidator:639 0.03971507353947688
com.google.javascript.jscomp.TypeValidator:638 0.03971507353947688
com.google.javascript.rhino.Node:1415 0.016741238254560628
com.google.javascript.jscomp.LinkedFlowScope:163 0.019622937706955574
com.google.javascript.jscomp.LinkedFlowScope:161 0.019622937706955574
com.google.javascript.rhino.Node:2247 0.029411764705882353
com.google.javascript.jscomp.NodeUtil:2073 0.06063390625908324
com.google.javascript.rhino.jstype.FunctionType:1028 0.022501758018520477
com.google.javascript.jscomp.parsing.IRFactory:604 0.0
com.google.javascript.jscomp.parsing.IRFactory:606 0.0
com.google.javascript.rhino.jstype.RecordType:97 0.1414213562373095
com.google.javascript.rhino.jstype.VoidType:96 0.01233159059167475
com.google.javascript.jscomp.Compiler:1990 0.026028960314767677
com.google.javascript.jscomp.TypedScopeCreator:472 0.0
com.google.javascript.jscomp.TypedScopeCreator:473 0.0
com.google.javascript.jscomp.TypedScopeCreator:1485 0.0
com.google.javascript.jscomp.parsing.JsDocInfoParser:2107 0.23570226039551587
com.google.javascript.jscomp.parsing.JsDocInfoParser:2112 0.23570226039551587
com.google.javascript.jscomp.parsing.JsDocInfoParser:2111 0.23570226039551587
com.google.javascript.jscomp.parsing.JsDocInfoParser:2110 0.23570226039551587
com.google.javascript.jscomp.TypeCheck:1694 0.03673591791853225
com.google.javascript.jscomp.NodeUtil:2074 0.0607456739230787
com.google.javascript.jscomp.TypeCheck:1254 0.020896918976428647
com.google.javascript.jscomp.TypeCheck:1253 0.020896918976428647
com.google.javascript.jscomp.PrepareAst:218 0.0
com.google.javascript.jscomp.Compiler:1992 0.025310373177627687
com.google.javascript.jscomp.NodeUtil:2063 0.0584206237836986
com.google.javascript.jscomp.DiagnosticType:115 0.012558018641613912
com.google.javascript.jscomp.parsing.ParserRunner:122 0.012535305264097504
com.google.javascript.jscomp.parsing.IRFactory:475 0.0
com.google.javascript.jscomp.CodingConventions:101 0.0
com.google.javascript.jscomp.NodeTraversal:639 0.014388861576723854
com.google.javascript.jscomp.Compiler:1978 0.025310373177627687
com.google.javascript.jscomp.Compiler:1979 0.025310373177627687
com.google.javascript.jscomp.parsing.IRFactory:608 0.0
com.google.javascript.jscomp.parsing.IRFactory:607 0.0
com.google.javascript.rhino.jstype.UnionType:224 0.02149667901961739
com.google.javascript.jscomp.SuppressDocWarningsGuard:57 0.026082026547865053
com.google.javascript.jscomp.TypeValidator:677 0.0436852028330519
com.google.javascript.rhino.jstype.JSType:791 0.046984098573493956
com.google.javascript.rhino.jstype.AllType:58 0.01233159059167475
com.google.javascript.rhino.Node:572 0.0173265734380163
com.google.javascript.rhino.jstype.PrototypeObjectType:517 0.01233159059167475
com.google.javascript.rhino.jstype.PrototypeObjectType:518 0.01233159059167475
com.google.javascript.rhino.ScriptRuntime:367 0.012400612109320948
com.google.javascript.jscomp.CodingConventions:368 0.0
com.google.javascript.jscomp.Compiler:486 0.01345467355254312
com.google.javascript.jscomp.Compiler:1980 0.025310373177627687
com.google.javascript.jscomp.Compiler:1981 0.025310373177627687
com.google.javascript.rhino.jstype.UnionType:221 0.02149667901961739
com.google.javascript.rhino.jstype.UnionType:222 0.02149667901961739
com.google.javascript.rhino.jstype.UnionType:223 0.02149667901961739
com.google.javascript.jscomp.parsing.TypeSafeDispatcher:204 0.013209451838276138
com.google.javascript.jscomp.parsing.IRFactory:610 0.0
com.google.javascript.jscomp.parsing.IRFactory:611 0.0
com.google.javascript.jscomp.parsing.IRFactory:612 0.0
com.google.javascript.jscomp.parsing.IRFactory:613 0.0
com.google.javascript.rhino.jstype.JSType:793 0.046984098573493956
com.google.javascript.jscomp.SuppressDocWarningsGuard:92 0.02360303082374915
com.google.javascript.jscomp.Compiler:479 0.013424330557912196
com.google.javascript.jscomp.Compiler:480 0.013424330557912196
com.google.javascript.jscomp.parsing.JsDocInfoParser:2090 0.14002800840280097
com.google.javascript.jscomp.parsing.JsDocInfoParser:1081 0.01964943729729648
com.google.javascript.rhino.jstype.SimpleSlot:59 0.025854384499750957
com.google.javascript.rhino.jstype.SimpleSlot:58 0.025854384499750957
com.google.javascript.rhino.jstype.SimpleSlot:62 0.025854384499750957
com.google.javascript.rhino.jstype.SimpleSlot:61 0.025854384499750957
com.google.javascript.rhino.jstype.SimpleSlot:60 0.025854384499750957
com.google.javascript.rhino.Node:570 0.017329174830334543
com.google.javascript.rhino.Node:569 0.017329174830334543
com.google.javascript.jscomp.parsing.IRFactory:472 0.0
com.google.javascript.jscomp.PrepareAst:213 0.0
com.google.javascript.jscomp.PrepareAst:214 0.0
com.google.javascript.jscomp.TypeCheck:1239 0.020770324619863195
com.google.javascript.jscomp.TypedScopeCreator:1997 0.0201374031110059
com.google.javascript.jscomp.BasicErrorManager:178 0.0
com.google.javascript.rhino.jstype.RecordType:108 0.2182178902359924
com.google.javascript.rhino.jstype.RecordType:109 0.2182178902359924
com.google.javascript.rhino.jstype.RecordType:107 0.2182178902359924
com.google.javascript.rhino.jstype.ObjectType:470 0.01233159059167475
com.google.javascript.jscomp.LinkedFlowScope:170 0.019622937706955574
com.google.javascript.jscomp.NodeUtil:2059 0.0584206237836986
com.google.javascript.jscomp.Compiler:1500 0.012630935170956915
com.google.javascript.jscomp.parsing.JsDocInfoParser:2095 0.14002800840280097
com.google.javascript.jscomp.parsing.JsDocInfoParser:2093 0.14002800840280097
com.google.javascript.rhino.jstype.JSType:310 0.020988774008055672
com.google.javascript.jscomp.Scope:473 0.019834087593950483
com.google.javascript.jscomp.TypeCheck:1242 0.020896918976428647
com.google.javascript.jscomp.TypeCheck:1243 0.020896918976428647
com.google.javascript.rhino.Node:568 0.0173265734380163
com.google.javascript.rhino.jstype.UnionType:220 0.02149667901961739
com.google.javascript.jscomp.Compiler:1986 0.025310373177627687
com.google.javascript.jscomp.Compiler:481 0.01345467355254312
com.google.javascript.jscomp.Compiler:483 0.01345467355254312
com.google.javascript.jscomp.Compiler:482 0.01345467355254312
com.google.javascript.jscomp.WarningsGuard:95 0.01831858263618279
com.google.javascript.rhino.jstype.ObjectType:471 0.01233159059167475
com.google.javascript.jscomp.ComposeWarningsGuard:120 0.02360303082374915
com.google.javascript.jscomp.Scope:621 0.014217690134308215
com.google.javascript.jscomp.TypedScopeCreator:1559 0.0
com.google.javascript.jscomp.parsing.JsDocInfoParser:2191 0.01662056238286334
com.google.javascript.jscomp.parsing.JsDocInfoParser:2190 0.01662056238286334
com.google.javascript.rhino.jstype.ObjectType:477 0.01233159059167475
com.google.javascript.rhino.JSDocInfo:623 0.019861453057473933
com.google.javascript.rhino.jstype.InstanceObjectType:153 0.01233159059167475
com.google.javascript.rhino.InputId:61 0.012659242088545833
com.google.javascript.jscomp.BasicErrorManager:140 0.0
com.google.javascript.rhino.Node:870 0.012147341951316728
com.google.javascript.jscomp.FunctionTypeBuilder:229 0.020145574100634507
com.google.javascript.rhino.jstype.InstanceObjectType:160 0.01233159059167475
com.google.javascript.jscomp.FunctionTypeBuilder:849 0.0
com.google.javascript.rhino.Node:2263 0.013357100434786648
com.google.javascript.jscomp.SuppressDocWarningsGuard:54 0.02356368148131365
com.google.javascript.jscomp.SuppressDocWarningsGuard:53 0.02356368148131365
com.google.javascript.jscomp.InferJSDocInfo:212 0.02160174894839516
com.google.javascript.jscomp.CompilerOptions:1364 0.012536290240743358
com.google.javascript.jscomp.parsing.IRFactory:275 0.012505863498094339
com.google.javascript.jscomp.parsing.IRFactory:274 0.012505863498094339
com.google.javascript.jscomp.parsing.IRFactory:273 0.012505863498094339
com.google.javascript.rhino.jstype.RecordTypeBuilder:59 0.07856742013183861
com.google.javascript.rhino.jstype.RecordTypeBuilder:58 0.07856742013183861
com.google.javascript.rhino.jstype.RecordTypeBuilder:57 0.07856742013183861
com.google.javascript.rhino.jstype.RecordTypeBuilder:55 0.07856742013183861
com.google.javascript.rhino.jstype.RecordTypeBuilder:53 0.07856742013183861
com.google.javascript.rhino.JSDocInfoBuilder:183 0.018990004393338023
com.google.javascript.rhino.jstype.JSType:787 0.046984098573493956
com.google.javascript.rhino.jstype.JSType:786 0.046984098573493956
com.google.javascript.rhino.jstype.ObjectType:472 0.01233159059167475
com.google.javascript.rhino.JSDocInfo:622 0.019861453057473933
com.google.javascript.jscomp.parsing.ParserRunner:141 0.012535305264097504
com.google.javascript.jscomp.parsing.ParserRunner:142 0.012535305264097504
com.google.javascript.rhino.JSDocInfoBuilder:702 0.019142481328851556
com.google.javascript.jscomp.parsing.IRFactory:276 0.017647364143889368
com.google.javascript.jscomp.graph.Graph:220 0.01742625780188712
com.google.javascript.jscomp.graph.Graph:221 0.01742625780188712
com.google.javascript.rhino.jstype.InstanceObjectType:162 0.01233159059167475
com.google.javascript.rhino.jstype.InstanceObjectType:161 0.01233159059167475
com.google.javascript.jscomp.FunctionTypeBuilder:228 0.02010075630518424
com.google.javascript.jscomp.parsing.IRFactory:829 0.0
com.google.javascript.jscomp.parsing.IRFactory:828 0.0
com.google.javascript.jscomp.parsing.IRFactory:827 0.0
com.google.javascript.jscomp.parsing.JsDocInfoParser:1755 0.019034674690672024
com.google.javascript.jscomp.NodeTraversal:275 0.012610831807632956
com.google.javascript.jscomp.NodeTraversal:274 0.012610831807632956
com.google.javascript.jscomp.NodeTraversal:273 0.012610831807632956
com.google.javascript.jscomp.NodeTraversal:278 0.012610831807632956
com.google.javascript.jscomp.NodeTraversal:277 0.012610831807632956
com.google.javascript.jscomp.NodeTraversal:276 0.012610831807632956
com.google.javascript.jscomp.NodeTraversal:281 0.012610831807632956
com.google.javascript.rhino.jstype.FunctionType:1005 0.01233159059167475
com.google.javascript.rhino.jstype.FunctionType:1006 0.01233159059167475
com.google.javascript.rhino.jstype.ObjectType:474 0.013124987182635961
com.google.javascript.jscomp.TypeCheck:1870 0.02077480629531073
com.google.javascript.jscomp.parsing.JsDocInfoParser:2195 0.01662056238286334
com.google.javascript.jscomp.parsing.JsDocTokenStream:255 0.016583953170166487
com.google.javascript.jscomp.parsing.JsDocTokenStream:256 0.016583953170166487
com.google.javascript.jscomp.parsing.JsDocTokenStream:257 0.016583953170166487
com.google.javascript.jscomp.BasicErrorManager:145 0.0
com.google.javascript.jscomp.BasicErrorManager:146 0.0
com.google.javascript.jscomp.BasicErrorManager:147 0.0
com.google.javascript.jscomp.DataFlowAnalysis:178 0.01904848294398648
com.google.javascript.jscomp.DataFlowAnalysis:179 0.01904848294398648
com.google.javascript.jscomp.parsing.ParserRunner:139 0.012535305264097504
com.google.javascript.jscomp.parsing.ParserRunner:140 0.012535305264097504
com.google.javascript.jscomp.parsing.ParserRunner:127 0.012535305264097504
com.google.javascript.jscomp.parsing.ParserRunner:129 0.012535305264097504
com.google.javascript.jscomp.parsing.ParserRunner:128 0.012535305264097504
com.google.javascript.jscomp.parsing.ParserRunner:131 0.012535305264097504
com.google.javascript.jscomp.parsing.ParserRunner:125 0.012535305264097504
com.google.javascript.jscomp.parsing.ParserRunner:124 0.012535305264097504
com.google.javascript.jscomp.parsing.ParserRunner:132 0.012535305264097504
com.google.javascript.jscomp.parsing.ParserRunner:134 0.012535305264097504
com.google.javascript.jscomp.TypeInferencePass:129 0.020161945963637795
com.google.javascript.jscomp.TypeInferencePass:131 0.020161945963637795
com.google.javascript.jscomp.TypeInferencePass:130 0.020161945963637795
com.google.javascript.jscomp.parsing.IRFactory:830 0.0
com.google.javascript.rhino.jstype.JSTypeRegistry:1007 0.019830187468537895
com.google.javascript.rhino.jstype.JSTypeRegistry:1006 0.019830187468537895
com.google.javascript.rhino.JSDocInfo:1050 0.01760083359521907
com.google.javascript.rhino.JSDocInfo:1103 0.02090605025017727
com.google.javascript.jscomp.TypeCheck:1650 0.030330895164368973
com.google.javascript.jscomp.CheckLevel:30 0.012536290240743358
com.google.javascript.jscomp.parsing.JsDocInfoParser:1752 0.019034674690672024
com.google.javascript.jscomp.parsing.JsDocInfoParser:1753 0.019034674690672024
com.google.javascript.jscomp.parsing.JsDocInfoParser:1754 0.019034674690672024
com.google.javascript.rhino.jstype.ObjectType:473 0.01233159059167475
com.google.javascript.rhino.JSDocInfo:625 0.019861453057473933
com.google.javascript.jscomp.NodeTraversal:152 0.0
com.google.javascript.jscomp.ComposeWarningsGuard:121 0.024182541670333724
com.google.javascript.jscomp.TypeCheck:1873 0.02077480629531073
com.google.javascript.rhino.jstype.JSType:785 0.046984098573493956
com.google.javascript.rhino.jstype.JSType:784 0.046984098573493956
com.google.javascript.jscomp.parsing.JsDocInfoParser:2342 0.019737269249541726
com.google.javascript.jscomp.parsing.JsDocInfoParser:2343 0.019737269249541726
com.google.javascript.jscomp.TypeCheck:1871 0.0412744171706498
com.google.javascript.jscomp.Scope:75 0.0
com.google.javascript.jscomp.AbstractMessageFormatter:38 0.012513694346387126
com.google.javascript.jscomp.AbstractMessageFormatter:37 0.012513694346387126
com.google.javascript.rhino.jstype.InstanceObjectType:163 0.013111442300614298
com.google.javascript.jscomp.FunctionTypeBuilder:231 0.02010075630518424
com.google.javascript.rhino.JSDocInfo:1105 0.02107248759805448
com.google.javascript.rhino.jstype.JSType:783 0.035245368842512066
com.google.javascript.rhino.jstype.JSTypeRegistry:1008 0.019830187468537895
com.google.javascript.jscomp.graph.LinkedDirectedGraph:335 0.0
com.google.javascript.jscomp.graph.LinkedDirectedGraph:348 0.0
com.google.javascript.jscomp.graph.LinkedDirectedGraph:347 0.0
com.google.javascript.jscomp.graph.LinkedDirectedGraph:346 0.0
com.google.javascript.jscomp.graph.LinkedDirectedGraph:336 0.0
com.google.javascript.jscomp.Scope:346 0.0
com.google.javascript.jscomp.BasicErrorManager:86 0.013115952600816716
com.google.javascript.jscomp.parsing.JsDocInfoParser:1554 0.021461994946516343
com.google.javascript.rhino.jstype.BooleanType:103 0.01233159059167475
com.google.javascript.jscomp.graph.LinkedDirectedGraph:444 0.0
com.google.javascript.jscomp.InferJSDocInfo:218 0.02161183615368384
com.google.javascript.rhino.Node:1417 0.016741238254560628
com.google.javascript.rhino.jstype.ArrowType:69 0.01233159059167475
com.google.javascript.rhino.jstype.ArrowType:71 0.01233159059167475
com.google.javascript.jscomp.TypedScopeCreator:723 0.0
com.google.javascript.jscomp.TypedScopeCreator:724 0.0
com.google.javascript.rhino.jstype.InstanceObjectType:166 0.01233159059167475
com.google.javascript.jscomp.SyntacticScopeCreator:59 0.01260782457453723
com.google.javascript.jscomp.SyntacticScopeCreator:58 0.01260782457453723
com.google.javascript.jscomp.SyntacticScopeCreator:57 0.01260782457453723
com.google.javascript.jscomp.SyntacticScopeCreator:56 0.01260782457453723
com.google.javascript.jscomp.BasicErrorManager:148 0.0
com.google.javascript.jscomp.BasicErrorManager:149 0.0
com.google.javascript.jscomp.parsing.JsDocTokenStream:254 0.016583953170166487
com.google.javascript.jscomp.TypedScopeCreator:635 0.0
com.google.javascript.jscomp.TypedScopeCreator:634 0.0
com.google.javascript.jscomp.TypedScopeCreator:633 0.0
com.google.javascript.jscomp.TypedScopeCreator:632 0.0
com.google.javascript.jscomp.TypedScopeCreator:636 0.0
com.google.javascript.jscomp.LinkedFlowScope:99 0.019622937706955574
com.google.javascript.rhino.jstype.JSTypeRegistry:1010 0.019830187468537895
com.google.javascript.jscomp.graph.LinkedDirectedGraph:118 0.017466083231604194
com.google.javascript.jscomp.TypeInference:114 0.019837990021453852
com.google.javascript.jscomp.JoinOp:40 0.0
com.google.javascript.jscomp.Scope:544 0.017797651932695783
com.google.javascript.jscomp.DiagnosticGroup:103 0.023695618019100723
com.google.javascript.jscomp.ControlFlowAnalysis:639 0.03492151478847891
com.google.javascript.jscomp.ControlFlowAnalysis:638 0.03492151478847891
com.google.javascript.rhino.jstype.JSType:779 0.035245368842512066
com.google.javascript.jscomp.TypedScopeCreator:1309 0.0
com.google.javascript.jscomp.parsing.JsDocInfoParser:1766 0.019034674690672024
com.google.javascript.jscomp.parsing.JsDocInfoParser:1764 0.019034674690672024
com.google.javascript.jscomp.TypedScopeCreator:1828 0.0
com.google.javascript.jscomp.TypedScopeCreator:1829 0.0
com.google.javascript.jscomp.TypedScopeCreator:1830 0.0
com.google.javascript.jscomp.InferJSDocInfo:221 0.021873931962990357
com.google.javascript.rhino.Node:537 0.013759441356006529
com.google.javascript.jscomp.Compiler:220 0.012536290240743358
com.google.javascript.jscomp.Compiler:222 0.012536290240743358
com.google.javascript.jscomp.Compiler:223 0.012536290240743358
com.google.javascript.jscomp.BasicErrorManager:152 0.0
com.google.javascript.jscomp.parsing.ParserRunner:145 0.01255702853488776
com.google.javascript.jscomp.parsing.ParserRunner:143 0.01255702853488776
com.google.javascript.jscomp.parsing.IRFactory:820 0.0
com.google.javascript.jscomp.TypeInference:844 0.07053456158585983
com.google.javascript.jscomp.TypeInference:845 0.07053456158585983
com.google.javascript.jscomp.Scope:546 0.016549850824454444
com.google.javascript.rhino.JSDocInfo:515 0.017908612711114453
com.google.javascript.rhino.Node:1416 0.016741238254560628
com.google.javascript.jscomp.InferJSDocInfo:223 0.020965696734438367
com.google.javascript.jscomp.parsing.ParserRunner:147 0.012535305264097504
com.google.javascript.rhino.jstype.ArrowType:74 0.01233159059167475
com.google.javascript.jscomp.PrepareAst:176 0.0
com.google.javascript.jscomp.parsing.JsDocInfoParser:2329 0.019737269249541726
com.google.javascript.jscomp.parsing.JsDocInfoParser:1069 0.01964943729729648
com.google.javascript.rhino.jstype.UnionType:411 0.07035975447302918
com.google.javascript.rhino.jstype.PrototypeObjectType:534 0.01233159059167475
com.google.javascript.jscomp.Compiler:2033 0.012626906806902633
com.google.javascript.rhino.Node:1607 0.0468292905790847
com.google.javascript.jscomp.SuppressDocWarningsGuard:69 0.026082026547865053
com.google.javascript.jscomp.ControlFlowGraph:70 0.018556740475630138
com.google.javascript.rhino.jstype.RecordType:82 0.07856742013183861
com.google.javascript.jscomp.CompilerOptions:1068 0.012562972690740151
com.google.javascript.jscomp.CompilerOptions:1069 0.012562972690740151
com.google.javascript.rhino.jstype.UnionType:410 0.07035975447302918
com.google.javascript.rhino.jstype.UnionType:408 0.07035975447302918
com.google.javascript.rhino.jstype.UnionType:409 0.07035975447302918
com.google.javascript.rhino.jstype.UnionType:406 0.07035975447302918
com.google.javascript.rhino.jstype.UnionType:405 0.07035975447302918
com.google.javascript.rhino.jstype.RecordType:68 0.07856742013183861
com.google.javascript.rhino.jstype.RecordType:79 0.07856742013183861
com.google.javascript.rhino.jstype.RecordType:80 0.07856742013183861
com.google.javascript.rhino.jstype.RecordType:67 0.07856742013183861
com.google.javascript.rhino.jstype.ArrowType:178 0.021388233719233228
com.google.javascript.rhino.jstype.ArrowType:179 0.021388233719233228
com.google.javascript.jscomp.parsing.IRFactory:443 0.0
com.google.javascript.jscomp.parsing.IRFactory:444 0.0
com.google.javascript.rhino.Node:598 0.026726124191242435
com.google.javascript.jscomp.PrepareAst:170 0.0
com.google.javascript.jscomp.PrepareAst:169 0.0
com.google.javascript.jscomp.PrepareAst:165 0.0
com.google.javascript.jscomp.TypeCheck:1631 0.04490132550669373
com.google.javascript.jscomp.GoogleCodingConvention:50 0.01353949987365108
com.google.javascript.jscomp.GoogleCodingConvention:49 0.01353949987365108
com.google.javascript.jscomp.SuppressDocWarningsGuard:68 0.026180163474687157
com.google.javascript.jscomp.AbstractMessageFormatter:34 0.01250977708401336
com.google.javascript.jscomp.AbstractMessageFormatter:32 0.01250977708401336
com.google.javascript.jscomp.AbstractMessageFormatter:33 0.01250977708401336
com.google.javascript.jscomp.ComposeWarningsGuard:112 0.023550608702786628
com.google.javascript.rhino.jstype.ArrowType:180 0.021388233719233228
com.google.javascript.jscomp.ControlFlowAnalysis:533 0.019331116825676477
com.google.javascript.jscomp.ControlFlowAnalysis:535 0.019331116825676477
com.google.javascript.jscomp.ControlFlowAnalysis:534 0.019331116825676477
com.google.javascript.jscomp.PrepareAst:171 0.0
com.google.javascript.jscomp.parsing.IRFactory:812 0.0
com.google.javascript.jscomp.parsing.IRFactory:813 0.0
com.google.javascript.jscomp.parsing.IRFactory:814 0.0
com.google.javascript.jscomp.TypeCheck:1630 0.04490132550669373
com.google.javascript.jscomp.graph.LinkedDirectedGraph:72 0.017175134664318158
com.google.javascript.jscomp.graph.LinkedDirectedGraph:73 0.017175134664318158
com.google.javascript.jscomp.graph.LinkedDirectedGraph:74 0.017175134664318158
com.google.javascript.jscomp.graph.LinkedDirectedGraph:44 0.017175134664318158
com.google.javascript.jscomp.graph.LinkedDirectedGraph:75 0.017175134664318158
com.google.javascript.jscomp.SuppressDocWarningsGuard:67 0.026082026547865053
com.google.javascript.jscomp.TypeInference:1073 0.01996409690931557
com.google.javascript.jscomp.SuppressDocWarningsGuard:66 0.03971507353947688
com.google.javascript.rhino.jstype.JSType:1100 0.019316685232156395
com.google.javascript.rhino.jstype.JSType:1101 0.019316685232156395
com.google.javascript.rhino.jstype.JSType:1099 0.019316685232156395
com.google.javascript.rhino.jstype.RecordType:89 0.07856742013183861
com.google.javascript.rhino.jstype.RecordType:88 0.07856742013183861
com.google.javascript.jscomp.TypeCheck:1642 0.030330895164368973
com.google.javascript.jscomp.TypeCheck:1643 0.030330895164368973
com.google.javascript.jscomp.TypeCheck:1640 0.030330895164368973
com.google.javascript.jscomp.TypeCheck:1641 0.030330895164368973
com.google.javascript.rhino.Node:1222 0.012347561119073945
com.google.javascript.jscomp.parsing.JsDocInfoParser:2336 0.019940268657049436
com.google.javascript.jscomp.parsing.JsDocInfoParser:2337 0.019940268657049436
com.google.javascript.rhino.Node:1223 0.01249316966499877
com.google.javascript.jscomp.parsing.IRFactory:448 0.0
com.google.javascript.jscomp.parsing.IRFactory:447 0.0
com.google.javascript.rhino.jstype.ArrowType:182 0.022124110386665733
com.google.javascript.rhino.jstype.ArrowType:183 0.022124110386665733
com.google.javascript.rhino.jstype.ArrowType:181 0.022124110386665733
com.google.javascript.jscomp.TypeInference:1070 0.01996409690931557
com.google.javascript.jscomp.TypeInference:1071 0.01996409690931557
com.google.javascript.rhino.jstype.JSTypeRegistry:592 0.01233159059167475
com.google.javascript.jscomp.SuppressDocWarningsGuard:59 0.026082026547865053
com.google.javascript.jscomp.SuppressDocWarningsGuard:58 0.026082026547865053
com.google.javascript.jscomp.SuppressDocWarningsGuard:65 0.026082026547865053
com.google.javascript.jscomp.TypedScopeCreator:608 0.0
com.google.javascript.jscomp.TypedScopeCreator:609 0.0
com.google.javascript.jscomp.TypedScopeCreator:607 0.0
com.google.javascript.jscomp.parsing.JsDocInfoParser:1748 0.019034674690672024
com.google.javascript.rhino.jstype.RecordType:93 0.07856742013183861
com.google.javascript.rhino.jstype.RecordType:92 0.07856742013183861
com.google.javascript.jscomp.BasicErrorManager:160 0.0
com.google.javascript.jscomp.BasicErrorManager:158 0.0
com.google.javascript.jscomp.BasicErrorManager:159 0.0
com.google.javascript.rhino.jstype.FunctionBuilder:102 0.020641604625120283
com.google.javascript.rhino.jstype.FunctionBuilder:103 0.020641604625120283
com.google.javascript.rhino.jstype.FunctionBuilder:104 0.020641604625120283
com.google.javascript.rhino.jstype.JSTypeRegistry:595 0.01233159059167475
com.google.javascript.jscomp.TypeCheck:1634 0.04490132550669373
com.google.javascript.jscomp.TypeCheck:1633 0.04490132550669373
com.google.javascript.jscomp.TypeCheck:1636 0.04490132550669373
com.google.javascript.rhino.jstype.ArrowType:185 0.022124110386665733
com.google.javascript.jscomp.parsing.JsDocInfoParser:2335 0.019737269249541726
com.google.javascript.jscomp.parsing.IRFactory:800 0.0
com.google.javascript.jscomp.parsing.IRFactory:801 0.0
com.google.javascript.jscomp.ComposeWarningsGuard:114 0.023550608702786628
com.google.javascript.jscomp.ComposeWarningsGuard:113 0.023550608702786628
com.google.javascript.rhino.Node:205 0.0
com.google.javascript.rhino.Node:206 0.0
com.google.javascript.jscomp.SuppressDocWarningsGuard:56 0.026082026547865053
com.google.javascript.rhino.jstype.NumberType:102 0.01233159059167475
com.google.javascript.jscomp.parsing.IRFactory:279 0.012505863498094339
com.google.javascript.jscomp.parsing.IRFactory:278 0.012505863498094339
com.google.javascript.rhino.jstype.RecordType:84 0.07856742013183861
com.google.javascript.rhino.jstype.RecordType:83 0.07856742013183861
com.google.javascript.rhino.jstype.InstanceObjectType:158 0.01233159059167475
com.google.javascript.jscomp.parsing.JsDocInfoParser:2334 0.019737269249541726
com.google.javascript.rhino.jstype.JSType:1149 0.01233159059167475
com.google.javascript.rhino.jstype.InstanceObjectType:112 0.02242242646654375
com.google.javascript.rhino.jstype.InstanceObjectType:98 0.01233159059167475
com.google.javascript.jscomp.BasicErrorManager:162 0.0
com.google.javascript.rhino.jstype.InstanceObjectType:159 0.020545535708970802
com.google.javascript.jscomp.SuppressDocWarningsGuard:55 0.026082026547865053
com.google.javascript.rhino.jstype.JSTypeRegistry:599 0.01233159059167475
com.google.javascript.jscomp.parsing.JsDocInfoParser:2333 0.019737269249541726
com.google.javascript.jscomp.parsing.JsDocInfoParser:2332 0.019737269249541726
com.google.javascript.rhino.JSDocInfoBuilder:191 0.018990004393338023
com.google.javascript.jscomp.graph.Graph:224 0.01742625780188712
com.google.javascript.jscomp.PrepareAst:180 0.0
com.google.javascript.jscomp.parsing.IRFactory:445 0.0
com.google.javascript.jscomp.parsing.IRFactory:446 0.0
com.google.javascript.jscomp.parsing.IRFactory:802 0.0
com.google.javascript.rhino.jstype.InstanceObjectType:97 0.01233159059167475
com.google.javascript.jscomp.NodeTraversal:145 0.0
com.google.javascript.jscomp.parsing.TypeSafeDispatcher:246 0.012567932607507567
com.google.javascript.jscomp.TypedScopeCreator:1532 0.0
com.google.javascript.jscomp.LightweightMessageFormatter:46 0.012534320519584096
com.google.javascript.jscomp.LightweightMessageFormatter:45 0.012534320519584096
com.google.javascript.rhino.jstype.NullType:104 0.01233159059167475
com.google.javascript.jscomp.parsing.IRFactory:1067 0.0
com.google.javascript.jscomp.parsing.IRFactory:1068 0.0
com.google.javascript.jscomp.parsing.JsDocInfoParser:1575 0.022697981217836876
com.google.javascript.jscomp.parsing.JsDocInfoParser:1576 0.022697981217836876
com.google.javascript.jscomp.parsing.JsDocInfoParser:1577 0.022697981217836876
com.google.javascript.rhino.jstype.ArrowType:196 0.02215666980146639
com.google.javascript.rhino.jstype.ArrowType:195 0.02215666980146639
com.google.javascript.rhino.jstype.ArrowType:194 0.02215666980146639
com.google.javascript.rhino.jstype.PrototypeObjectType:413 0.01233159059167475
com.google.javascript.jscomp.TypeInference:893 0.03479445003196105
com.google.javascript.jscomp.TypeInference:895 0.03479445003196105
com.google.javascript.jscomp.NodeUtil:1903 0.013855519735662226
com.google.javascript.jscomp.TypeCheck:1269 0.02127659574468085
com.google.javascript.rhino.jstype.PrototypeObjectType:570 0.2773500981126146
com.google.javascript.rhino.jstype.PrototypeObjectType:569 0.2773500981126146
com.google.javascript.rhino.jstype.PrototypeObjectType:568 0.2773500981126146
com.google.javascript.jscomp.parsing.IRFactory:1070 0.0
com.google.javascript.rhino.JSDocInfo:1024 0.019683666479473904
com.google.javascript.rhino.JSDocInfo:1025 0.019683666479473904
com.google.javascript.rhino.JSDocInfo:1023 0.019683666479473904
com.google.javascript.jscomp.ControlFlowAnalysis:655 0.03492151478847891
com.google.javascript.jscomp.parsing.JsDocInfoParser:1580 0.021476838979377886
com.google.javascript.rhino.jstype.FunctionType:179 0.02296576060873127
com.google.javascript.rhino.jstype.FunctionType:1012 0.01233159059167475
com.google.javascript.jscomp.TypedScopeCreator:1904 0.0
com.google.javascript.jscomp.TypedScopeCreator:1906 0.0
com.google.javascript.jscomp.CodeChangeHandler:35 0.0
com.google.javascript.jscomp.CodeChangeHandler:36 0.0
com.google.javascript.jscomp.parsing.IRFactory:186 0.012505863498094339
com.google.javascript.jscomp.parsing.IRFactory:188 0.012505863498094339
com.google.javascript.jscomp.DataFlowAnalysis:410 0.0
com.google.javascript.jscomp.DataFlowAnalysis:409 0.0
com.google.javascript.rhino.Node:209 0.0
com.google.javascript.rhino.Node:210 0.0
com.google.javascript.jscomp.TypeInferencePass:95 0.020161945963637795
com.google.javascript.jscomp.TypeInferencePass:88 0.020161945963637795
com.google.javascript.jscomp.TypeInferencePass:91 0.020161945963637795
com.google.javascript.jscomp.TypeInferencePass:83 0.020161945963637795
com.google.javascript.jscomp.parsing.TypeSafeDispatcher:250 0.018748169213489752
com.google.javascript.jscomp.TypedScopeCreator:1903 0.0
com.google.javascript.rhino.Node:1225 0.013031044349091303
com.google.javascript.jscomp.ControlFlowAnalysis:656 0.03585173696910374
com.google.javascript.jscomp.TypeInference:1375 0.029774566708770683
com.google.javascript.jscomp.parsing.IRFactory:796 0.0
com.google.javascript.jscomp.TypeCheck:1270 0.021422560838887206
com.google.javascript.jscomp.graph.LinkedDirectedGraph:394 0.0
com.google.javascript.rhino.jstype.ArrowType:199 0.021417646843905968
com.google.javascript.rhino.jstype.JSTypeRegistry:576 0.01233159059167475
com.google.javascript.rhino.jstype.JSTypeRegistry:577 0.01233159059167475
com.google.javascript.rhino.jstype.JSTypeRegistry:578 0.01233159059167475
com.google.javascript.rhino.jstype.JSTypeRegistry:579 0.01233159059167475
com.google.javascript.rhino.jstype.JSTypeRegistry:580 0.01233159059167475
com.google.javascript.rhino.jstype.JSTypeRegistry:581 0.01233159059167475
com.google.javascript.rhino.jstype.JSTypeRegistry:582 0.01233159059167475
com.google.javascript.rhino.jstype.JSTypeRegistry:583 0.01233159059167475
com.google.javascript.rhino.jstype.JSTypeRegistry:584 0.01233159059167475
com.google.javascript.rhino.jstype.JSTypeRegistry:585 0.01233159059167475
com.google.javascript.rhino.jstype.JSTypeRegistry:567 0.01233159059167475
com.google.javascript.rhino.jstype.JSTypeRegistry:566 0.01233159059167475
com.google.javascript.rhino.jstype.JSTypeRegistry:565 0.01233159059167475
com.google.javascript.rhino.jstype.JSTypeRegistry:564 0.01233159059167475
com.google.javascript.rhino.jstype.JSTypeRegistry:563 0.01233159059167475
com.google.javascript.rhino.jstype.JSTypeRegistry:562 0.01233159059167475
com.google.javascript.rhino.jstype.JSTypeRegistry:575 0.01233159059167475
com.google.javascript.rhino.jstype.JSTypeRegistry:574 0.01233159059167475
com.google.javascript.rhino.jstype.JSTypeRegistry:573 0.01233159059167475
com.google.javascript.rhino.jstype.JSTypeRegistry:572 0.01233159059167475
com.google.javascript.rhino.jstype.JSTypeRegistry:571 0.01233159059167475
com.google.javascript.rhino.jstype.JSTypeRegistry:570 0.01233159059167475
com.google.javascript.rhino.jstype.JSTypeRegistry:569 0.01233159059167475
com.google.javascript.rhino.jstype.JSTypeRegistry:568 0.01233159059167475
com.google.javascript.rhino.Node:604 0.0292103118918493
com.google.javascript.jscomp.parsing.IRFactory:183 0.017554669175502143
com.google.javascript.rhino.JSDocInfo:1018 0.019683666479473904
com.google.javascript.jscomp.parsing.IRFactory:1066 0.0
com.google.javascript.jscomp.parsing.IRFactory:1065 0.0
com.google.javascript.jscomp.parsing.TypeSafeDispatcher:252 0.024049303512194094
com.google.javascript.jscomp.ControlFlowAnalysis:659 0.03492151478847891
com.google.javascript.jscomp.parsing.JsDocInfoParser:1574 0.0215365246126974
com.google.javascript.jscomp.Scope:500 0.014133657971481205
com.google.javascript.rhino.Node:606 0.026726124191242435
com.google.javascript.rhino.jstype.PrototypeObjectType:567 0.062017367294604234
com.google.javascript.jscomp.TypeInference:896 0.034836650714580884
com.google.javascript.jscomp.ControlFlowAnalysis:660 0.034964180063753285
com.google.javascript.rhino.jstype.JSTypeRegistry:275 0.01233159059167475
com.google.javascript.rhino.jstype.JSTypeRegistry:551 0.01233159059167475
com.google.javascript.rhino.jstype.JSTypeRegistry:548 0.01233159059167475
com.google.javascript.rhino.jstype.JSTypeRegistry:547 0.01233159059167475
com.google.javascript.rhino.jstype.JSTypeRegistry:277 0.01233159059167475
com.google.javascript.rhino.jstype.JSTypeRegistry:558 0.01233159059167475
com.google.javascript.rhino.jstype.JSTypeRegistry:559 0.01233159059167475
com.google.javascript.rhino.jstype.JSTypeRegistry:280 0.01233159059167475
com.google.javascript.rhino.jstype.JSTypeRegistry:286 0.01233159059167475
com.google.javascript.rhino.jstype.JSTypeRegistry:285 0.01233159059167475
com.google.javascript.rhino.jstype.JSTypeRegistry:553 0.01233159059167475
com.google.javascript.rhino.jstype.JSTypeRegistry:258 0.01233159059167475
com.google.javascript.rhino.jstype.JSTypeRegistry:257 0.01233159059167475
com.google.javascript.rhino.jstype.JSTypeRegistry:262 0.01233159059167475
com.google.javascript.rhino.jstype.JSTypeRegistry:260 0.01233159059167475
com.google.javascript.rhino.jstype.JSTypeRegistry:261 0.01233159059167475
com.google.javascript.rhino.jstype.JSTypeRegistry:266 0.01233159059167475
com.google.javascript.rhino.jstype.JSTypeRegistry:265 0.01233159059167475
com.google.javascript.rhino.jstype.JSTypeRegistry:268 0.01233159059167475
com.google.javascript.rhino.jstype.JSTypeRegistry:269 0.01233159059167475
com.google.javascript.rhino.jstype.JSTypeRegistry:305 0.01233159059167475
com.google.javascript.rhino.jstype.JSTypeRegistry:304 0.01233159059167475
com.google.javascript.rhino.jstype.JSTypeRegistry:307 0.01233159059167475
com.google.javascript.rhino.jstype.JSTypeRegistry:308 0.01233159059167475
com.google.javascript.rhino.jstype.JSTypeRegistry:311 0.01233159059167475
com.google.javascript.rhino.jstype.JSTypeRegistry:310 0.01233159059167475
com.google.javascript.rhino.jstype.JSTypeRegistry:313 0.01233159059167475
com.google.javascript.rhino.jstype.JSTypeRegistry:314 0.01233159059167475
com.google.javascript.rhino.jstype.JSTypeRegistry:317 0.01233159059167475
com.google.javascript.rhino.jstype.JSTypeRegistry:288 0.01233159059167475
com.google.javascript.rhino.jstype.JSTypeRegistry:289 0.01233159059167475
com.google.javascript.rhino.jstype.JSTypeRegistry:535 0.01233159059167475
com.google.javascript.rhino.jstype.JSTypeRegistry:534 0.01233159059167475
com.google.javascript.rhino.jstype.JSTypeRegistry:291 0.01233159059167475
com.google.javascript.rhino.jstype.JSTypeRegistry:292 0.01233159059167475
com.google.javascript.rhino.jstype.JSTypeRegistry:531 0.01233159059167475
com.google.javascript.rhino.jstype.JSTypeRegistry:530 0.01233159059167475
com.google.javascript.rhino.jstype.JSTypeRegistry:295 0.01233159059167475
com.google.javascript.rhino.jstype.JSTypeRegistry:540 0.01233159059167475
com.google.javascript.rhino.jstype.JSTypeRegistry:543 0.01233159059167475
com.google.javascript.rhino.jstype.JSTypeRegistry:300 0.01233159059167475
com.google.javascript.rhino.jstype.JSTypeRegistry:301 0.01233159059167475
com.google.javascript.rhino.jstype.JSTypeRegistry:538 0.01233159059167475
com.google.javascript.rhino.jstype.JSTypeRegistry:342 0.01233159059167475
com.google.javascript.rhino.jstype.JSTypeRegistry:340 0.01233159059167475
com.google.javascript.rhino.jstype.JSTypeRegistry:336 0.01233159059167475
com.google.javascript.rhino.jstype.JSTypeRegistry:345 0.01233159059167475
com.google.javascript.rhino.jstype.JSTypeRegistry:327 0.01233159059167475
com.google.javascript.rhino.jstype.JSTypeRegistry:324 0.01233159059167475
com.google.javascript.rhino.jstype.JSTypeRegistry:325 0.01233159059167475
com.google.javascript.rhino.jstype.JSTypeRegistry:321 0.01233159059167475
com.google.javascript.rhino.jstype.JSTypeRegistry:335 0.01233159059167475
com.google.javascript.rhino.jstype.JSTypeRegistry:331 0.01233159059167475
com.google.javascript.rhino.jstype.JSTypeRegistry:328 0.01233159059167475
com.google.javascript.rhino.jstype.JSTypeRegistry:373 0.01233159059167475
com.google.javascript.rhino.jstype.JSTypeRegistry:372 0.01233159059167475
com.google.javascript.rhino.jstype.JSTypeRegistry:369 0.01233159059167475
com.google.javascript.rhino.jstype.JSTypeRegistry:368 0.01233159059167475
com.google.javascript.rhino.jstype.JSTypeRegistry:383 0.01233159059167475
com.google.javascript.rhino.jstype.JSTypeRegistry:382 0.01233159059167475
com.google.javascript.rhino.jstype.JSTypeRegistry:376 0.01233159059167475
com.google.javascript.rhino.jstype.JSTypeRegistry:379 0.01233159059167475
com.google.javascript.rhino.jstype.JSTypeRegistry:378 0.01233159059167475
com.google.javascript.rhino.jstype.JSTypeRegistry:356 0.01233159059167475
com.google.javascript.rhino.jstype.JSTypeRegistry:359 0.01233159059167475
com.google.javascript.rhino.jstype.JSTypeRegistry:352 0.01233159059167475
com.google.javascript.rhino.jstype.JSTypeRegistry:353 0.01233159059167475
com.google.javascript.rhino.jstype.JSTypeRegistry:355 0.01233159059167475
com.google.javascript.rhino.jstype.JSTypeRegistry:366 0.01233159059167475
com.google.javascript.rhino.jstype.JSTypeRegistry:360 0.01233159059167475
com.google.javascript.rhino.jstype.JSTypeRegistry:362 0.01233159059167475
com.google.javascript.rhino.jstype.JSTypeRegistry:363 0.01233159059167475
com.google.javascript.rhino.jstype.JSTypeRegistry:410 0.01233159059167475
com.google.javascript.rhino.jstype.JSTypeRegistry:411 0.01233159059167475
com.google.javascript.rhino.jstype.JSTypeRegistry:408 0.01233159059167475
com.google.javascript.rhino.jstype.JSTypeRegistry:414 0.01233159059167475
com.google.javascript.rhino.jstype.JSTypeRegistry:415 0.01233159059167475
com.google.javascript.rhino.jstype.JSTypeRegistry:400 0.01233159059167475
com.google.javascript.rhino.jstype.JSTypeRegistry:401 0.01233159059167475
com.google.javascript.rhino.jstype.JSTypeRegistry:404 0.01233159059167475
com.google.javascript.rhino.jstype.JSTypeRegistry:405 0.01233159059167475
com.google.javascript.rhino.jstype.JSTypeRegistry:395 0.01233159059167475
com.google.javascript.rhino.jstype.JSTypeRegistry:393 0.01233159059167475
com.google.javascript.rhino.jstype.JSTypeRegistry:398 0.01233159059167475
com.google.javascript.rhino.jstype.JSTypeRegistry:386 0.01233159059167475
com.google.javascript.rhino.jstype.JSTypeRegistry:389 0.01233159059167475
com.google.javascript.rhino.jstype.JSTypeRegistry:388 0.01233159059167475
com.google.javascript.rhino.jstype.JSTypeRegistry:441 0.01233159059167475
com.google.javascript.rhino.jstype.JSTypeRegistry:445 0.01233159059167475
com.google.javascript.rhino.jstype.JSTypeRegistry:432 0.01233159059167475
com.google.javascript.rhino.jstype.JSTypeRegistry:433 0.01233159059167475
com.google.javascript.rhino.jstype.JSTypeRegistry:436 0.01233159059167475
com.google.javascript.rhino.jstype.JSTypeRegistry:438 0.01233159059167475
com.google.javascript.rhino.jstype.JSTypeRegistry:425 0.01233159059167475
com.google.javascript.rhino.jstype.JSTypeRegistry:424 0.01233159059167475
com.google.javascript.rhino.jstype.JSTypeRegistry:428 0.01233159059167475
com.google.javascript.rhino.jstype.JSTypeRegistry:418 0.01233159059167475
com.google.javascript.rhino.jstype.JSTypeRegistry:421 0.01233159059167475
com.google.javascript.rhino.jstype.JSTypeRegistry:420 0.01233159059167475
com.google.javascript.rhino.jstype.JSTypeRegistry:476 0.01233159059167475
com.google.javascript.rhino.jstype.JSTypeRegistry:474 0.01233159059167475
com.google.javascript.rhino.jstype.JSTypeRegistry:471 0.01233159059167475
com.google.javascript.rhino.jstype.JSTypeRegistry:469 0.01233159059167475
com.google.javascript.rhino.jstype.JSTypeRegistry:465 0.01233159059167475
com.google.javascript.rhino.jstype.JSTypeRegistry:463 0.01233159059167475
com.google.javascript.rhino.jstype.JSTypeRegistry:460 0.01233159059167475
com.google.javascript.rhino.jstype.JSTypeRegistry:459 0.01233159059167475
com.google.javascript.rhino.jstype.JSTypeRegistry:455 0.01233159059167475
com.google.javascript.rhino.jstype.JSTypeRegistry:452 0.01233159059167475
com.google.javascript.rhino.jstype.JSTypeRegistry:451 0.01233159059167475
com.google.javascript.rhino.jstype.JSTypeRegistry:449 0.01233159059167475
com.google.javascript.rhino.jstype.JSTypeRegistry:448 0.01233159059167475
com.google.javascript.rhino.jstype.JSTypeRegistry:510 0.01233159059167475
com.google.javascript.rhino.jstype.JSTypeRegistry:504 0.01233159059167475
com.google.javascript.rhino.jstype.JSTypeRegistry:506 0.01233159059167475
com.google.javascript.rhino.jstype.JSTypeRegistry:500 0.01233159059167475
com.google.javascript.rhino.jstype.JSTypeRegistry:498 0.01233159059167475
com.google.javascript.rhino.jstype.JSTypeRegistry:254 0.01233159059167475
com.google.javascript.rhino.jstype.JSTypeRegistry:492 0.01233159059167475
com.google.javascript.rhino.jstype.JSTypeRegistry:255 0.01233159059167475
com.google.javascript.rhino.jstype.JSTypeRegistry:252 0.01233159059167475
com.google.javascript.rhino.jstype.JSTypeRegistry:494 0.01233159059167475
com.google.javascript.rhino.jstype.JSTypeRegistry:251 0.01233159059167475
com.google.javascript.rhino.jstype.JSTypeRegistry:248 0.01233159059167475
com.google.javascript.rhino.jstype.JSTypeRegistry:249 0.01233159059167475
com.google.javascript.rhino.jstype.JSTypeRegistry:487 0.01233159059167475
com.google.javascript.rhino.jstype.JSTypeRegistry:486 0.01233159059167475
com.google.javascript.rhino.jstype.JSTypeRegistry:480 0.01233159059167475
com.google.javascript.rhino.jstype.JSTypeRegistry:482 0.01233159059167475
com.google.javascript.jscomp.TypedScopeCreator:956 0.0
com.google.javascript.jscomp.TypedScopeCreator:1537 0.0
com.google.javascript.rhino.Node:2171 0.016668981963846228
com.google.javascript.jscomp.Compiler:231 0.012538260890797305
com.google.javascript.jscomp.Compiler:230 0.012538260890797305
com.google.javascript.rhino.jstype.PrototypeObjectType:578 0.2773500981126146
com.google.javascript.rhino.jstype.UnionType:417 0.07035975447302918
com.google.javascript.rhino.jstype.UnionType:416 0.07035975447302918
com.google.javascript.rhino.jstype.UnionType:415 0.07035975447302918
com.google.javascript.jscomp.parsing.IRFactory:180 0.017554669175502143
com.google.javascript.jscomp.TypeCheck:1624 0.030330895164368973
com.google.javascript.jscomp.TypeCheck:1619 0.030330895164368973
com.google.javascript.jscomp.TypeCheck:1618 0.030330895164368973
com.google.javascript.jscomp.TypeCheck:1621 0.030330895164368973
com.google.javascript.jscomp.TypeCheck:1623 0.030330895164368973
com.google.javascript.jscomp.TypeCheck:1622 0.030330895164368973
com.google.javascript.jscomp.parsing.TypeSafeDispatcher:256 0.02540822292337563
com.google.javascript.rhino.jstype.PrototypeObjectType:576 0.2773500981126146
com.google.javascript.jscomp.TypedScopeCreator:955 0.0
com.google.javascript.jscomp.TypedScopeCreator:305 0.019830187468537895
com.google.javascript.jscomp.TypedScopeCreator:304 0.019830187468537895
com.google.javascript.jscomp.TypedScopeCreator:307 0.019830187468537895
com.google.javascript.jscomp.TypedScopeCreator:306 0.019830187468537895
com.google.javascript.jscomp.TypedScopeCreator:309 0.019830187468537895
com.google.javascript.jscomp.TypedScopeCreator:308 0.019830187468537895
com.google.javascript.jscomp.TypedScopeCreator:311 0.019830187468537895
com.google.javascript.jscomp.TypedScopeCreator:310 0.019830187468537895
com.google.javascript.jscomp.TypedScopeCreator:313 0.019830187468537895
com.google.javascript.jscomp.TypedScopeCreator:312 0.019830187468537895
com.google.javascript.jscomp.TypedScopeCreator:315 0.019830187468537895
com.google.javascript.jscomp.TypedScopeCreator:314 0.019830187468537895
com.google.javascript.jscomp.TypedScopeCreator:316 0.019830187468537895
com.google.javascript.jscomp.TypedScopeCreator:323 0.019830187468537895
com.google.javascript.jscomp.TypedScopeCreator:321 0.019830187468537895
com.google.javascript.jscomp.TypedScopeCreator:297 0.019830187468537895
com.google.javascript.jscomp.TypedScopeCreator:300 0.019830187468537895
com.google.javascript.jscomp.TypedScopeCreator:301 0.019830187468537895
com.google.javascript.jscomp.TypedScopeCreator:302 0.019830187468537895
com.google.javascript.jscomp.TypedScopeCreator:303 0.019830187468537895
com.google.javascript.rhino.Node:601 0.026726124191242435
com.google.javascript.rhino.Node:600 0.026726124191242435
com.google.javascript.rhino.Node:603 0.026726124191242435
com.google.javascript.rhino.Node:602 0.026726124191242435
com.google.javascript.rhino.Node:599 0.026726124191242435
com.google.javascript.jscomp.TypeCheck:1278 0.021407828990149706
com.google.javascript.jscomp.TypeCheck:1283 0.021407828990149706
com.google.javascript.jscomp.TypeCheck:1279 0.021407828990149706
com.google.javascript.jscomp.TypeCheck:1277 0.021407828990149706
com.google.javascript.rhino.jstype.UnionType:419 0.07035975447302918
com.google.javascript.rhino.jstype.UnionType:418 0.07035975447302918
com.google.javascript.jscomp.ControlFlowAnalysis:664 0.03492151478847891
com.google.javascript.jscomp.parsing.TypeSafeDispatcher:258 0.012505863498094339
com.google.javascript.rhino.Node:1324 0.012660256572827508
com.google.javascript.jscomp.TypedScopeCreator:1913 0.0
com.google.javascript.rhino.jstype.PrototypeObjectType:573 0.35355339059327373
com.google.javascript.rhino.jstype.UnionType:412 0.07035975447302918
com.google.javascript.rhino.Node:1603 0.04476614810358452
com.google.javascript.jscomp.TypeCheck:1625 0.030330895164368973
com.google.javascript.jscomp.parsing.JsDocInfoParser:1583 0.021506619680967013
com.google.javascript.rhino.Node:1124 0.012611834696958783
com.google.javascript.jscomp.TypedScopeCreator:1543 0.0
com.google.javascript.jscomp.TypedScopeCreator:1544 0.0
com.google.javascript.jscomp.parsing.TypeSafeDispatcher:260 0.02780998390775747
com.google.javascript.jscomp.TypedScopeCreator:1910 0.0
com.google.javascript.rhino.jstype.PrototypeObjectType:572 0.2773500981126146
com.google.javascript.rhino.jstype.PrototypeObjectType:571 0.2773500981126146
com.google.javascript.rhino.jstype.UnionType:413 0.07035975447302918
com.google.javascript.jscomp.parsing.JsDocInfoParser:1587 0.021466939537054593
com.google.javascript.jscomp.TypeCheck:1290 0.021407828990149706
com.google.javascript.jscomp.TypeCheck:1291 0.021407828990149706
com.google.javascript.jscomp.TypeCheck:1289 0.021407828990149706
com.google.javascript.rhino.Node:1605 0.044946657497549475
com.google.javascript.jscomp.parsing.JsDocInfoParser:2260 0.05707301455353496
com.google.javascript.jscomp.parsing.JsDocInfoParser:2259 0.05707301455353496
com.google.javascript.rhino.Node:1197 0.016577115836060096
com.google.javascript.rhino.jstype.ObjectType:658 0.0
com.google.javascript.rhino.jstype.ObjectType:659 0.0
com.google.javascript.rhino.jstype.ObjectType:498 0.01233159059167475
com.google.javascript.rhino.JSDocInfo:1058 0.01760083359521907
com.google.javascript.jscomp.parsing.JsDocInfoParser:1556 0.021461994946516343
com.google.javascript.jscomp.parsing.JsDocInfoParser:1559 0.021461994946516343
com.google.javascript.jscomp.parsing.JsDocInfoParser:1558 0.021461994946516343
com.google.javascript.jscomp.parsing.JsDocInfoParser:1560 0.021461994946516343
com.google.javascript.jscomp.RhinoErrorReporter:108 0.01251957714590336
com.google.javascript.jscomp.ControlFlowGraph:60 0.018556740475630138
com.google.javascript.rhino.jstype.ObjectType:497 0.01233159059167475
com.google.javascript.jscomp.TypeCheck:1889 0.020815272356090667
com.google.javascript.jscomp.TypeInference:849 0.07179581586177382
com.google.javascript.jscomp.NodeTraversal:446 0.01935282499290459
com.google.javascript.jscomp.TypedScopeCreator:954 0.0
com.google.javascript.rhino.jstype.FunctionBuilder:76 0.020641604625120283
com.google.javascript.rhino.jstype.FunctionBuilder:77 0.020641604625120283
com.google.javascript.jscomp.InferJSDocInfo:203 0.020965696734438367
com.google.javascript.rhino.JSDocInfo:1084 0.02107248759805448
com.google.javascript.jscomp.TypeInference:851 0.07053456158585983
com.google.javascript.jscomp.Scope:528 0.020040120401405057
com.google.javascript.jscomp.SourceFile:156 0.012543191584641126
com.google.javascript.jscomp.SourceFile:157 0.012543191584641126
com.google.javascript.rhino.jstype.PrototypeObjectType:580 0.062017367294604234
com.google.javascript.rhino.Node:1198 0.012247142539179549
com.google.javascript.rhino.jstype.ArrowType:76 0.01233159059167475
com.google.javascript.rhino.jstype.ArrowType:77 0.01233159059167475
com.google.javascript.rhino.jstype.JSTypeRegistry:995 0.01233159059167475
com.google.javascript.rhino.jstype.JSTypeRegistry:994 0.01233159059167475
com.google.javascript.jscomp.parsing.TypeSafeDispatcher:269 0.014828245646514833
com.google.javascript.rhino.jstype.InstanceObjectType:63 0.01233159059167475
com.google.javascript.rhino.jstype.InstanceObjectType:62 0.01233159059167475
com.google.javascript.rhino.jstype.InstanceObjectType:61 0.01233159059167475
com.google.javascript.rhino.jstype.InstanceObjectType:60 0.01233159059167475
com.google.javascript.jscomp.parsing.ParserRunner:67 0.012127673025267266
com.google.javascript.rhino.JSDocInfo:1102 0.01992838648180203
com.google.javascript.jscomp.TypeInference:892 0.03479445003196105
com.google.javascript.rhino.jstype.FunctionBuilder:123 0.020641604625120283
com.google.javascript.rhino.jstype.FunctionBuilder:122 0.020641604625120283
com.google.javascript.rhino.jstype.ObjectType:493 0.01233159059167475
com.google.javascript.rhino.Node:2187 0.01299029986764612
com.google.javascript.jscomp.parsing.JsDocInfoParser:1570 0.021466939537054593
com.google.javascript.jscomp.parsing.JsDocInfoParser:1569 0.021466939537054593
com.google.javascript.jscomp.BasicErrorManager:131 0.0
com.google.javascript.jscomp.SourceFile:425 0.0
com.google.javascript.jscomp.SourceFile:424 0.0
com.google.javascript.jscomp.SourceFile:427 0.0
com.google.javascript.jscomp.SourceFile:426 0.0
com.google.javascript.jscomp.parsing.TypeSafeDispatcher:270 0.014828245646514833
com.google.javascript.jscomp.InferJSDocInfo:207 0.021339479988815996
com.google.javascript.jscomp.TypedScopeCreator:458 0.0
com.google.javascript.jscomp.TypeInferencePass:96 0.020161945963637795
com.google.javascript.rhino.Node:1201 0.012248061132283347
com.google.javascript.rhino.JSDocInfoBuilder:705 0.019153011712702294
com.google.javascript.rhino.JSDocInfoBuilder:704 0.019153011712702294
com.google.javascript.rhino.JSDocInfoBuilder:706 0.019153011712702294
com.google.javascript.jscomp.PrepareAst:127 0.0
com.google.javascript.jscomp.PrepareAst:126 0.0
com.google.javascript.jscomp.PrepareAst:125 0.0
com.google.javascript.jscomp.parsing.JsDocInfoParser:1572 0.021476838979377886
com.google.javascript.jscomp.parsing.JsDocInfoParser:1571 0.021476838979377886
com.google.javascript.jscomp.parsing.TypeSafeDispatcher:271 0.014828245646514833
com.google.javascript.rhino.jstype.FunctionType:275 0.01233159059167475
com.google.javascript.rhino.jstype.JSTypeRegistry:996 0.01233159059167475
com.google.javascript.jscomp.NodeTraversal:282 0.012610831807632956
com.google.javascript.jscomp.NodeUtil:2050 0.014028957596690997
com.google.javascript.jscomp.TypedScopeCreator:463 0.0
com.google.javascript.jscomp.TypedScopeCreator:464 0.0
com.google.javascript.rhino.jstype.ObjectType:495 0.01233159059167475
com.google.javascript.rhino.jstype.FunctionType:1096 0.03479445003196105
com.google.javascript.jscomp.parsing.TypeSafeDispatcher:272 0.014828245646514833
com.google.javascript.jscomp.NodeUtil:2043 0.013983620789034902
com.google.javascript.jscomp.InferJSDocInfo:209 0.02160174894839516
com.google.javascript.jscomp.InferJSDocInfo:211 0.02160174894839516
com.google.javascript.rhino.jstype.JSTypeRegistry:998 0.01233159059167475
com.google.javascript.jscomp.TypedScopeCreator:456 0.0
com.google.javascript.rhino.jstype.ObjectType:494 0.01233159059167475
com.google.javascript.jscomp.BasicErrorManager:186 0.0
com.google.javascript.jscomp.BasicErrorManager:187 0.0
com.google.javascript.jscomp.BasicErrorManager:188 0.0
com.google.javascript.jscomp.BasicErrorManager:189 0.0
com.google.javascript.rhino.Node:315 0.0
com.google.javascript.jscomp.parsing.ParserRunner:64 0.012126781251816649
com.google.javascript.jscomp.parsing.ParserRunner:66 0.012126781251816649
com.google.javascript.jscomp.NodeUtil:2045 0.016540792339471234
com.google.javascript.jscomp.TypedScopeCreator:457 0.0
